-5000.0
-5000.0
-5000.0
-5000.0
-5000.0
-5000.0
-5000.0
-5000.0
-5000.0
-5000.0
-5000.0
-5000.0
-5000.0
-5000.0
-5000.0
-5000.0
-5000.0
-5000.0
-5000.0
-5000.0
-5000.0
-5000.0
-5000.0
-5000.0
-5000.0
-5000.0
-5000.0
-5000.0
-5000.0
-5000.0
-5000.0
-5000.0
-5000.0
-5000.0
-5000.0
-5000.0
-5000.0
-5000.0
-5000.0
-5000.0
-5000.0
-5000.0
-5000.0
-5000.0
-5000.0
-5000.0
-5000.0
-5000.0
-5000.0
-5000.0
-5000.0
-5000.0
-5000.0
-5000.0
-5000.0
-5000.0
-5000.0
-5000.0
-5000.0
-5000.0
-5000.0
-5000.0
-5000.0
-5000.0
-5000.0
-5000.0
-5000.0
-5000.0
-5000.0
-5000.0
-5000.0
-5000.0
-5000.0
-5000.0
-5000.0
-5000.0
-5000.0
-5000.0
-5000.0
-5000.0
-5000.0
-5000.0
-5000.0
-5000.0
-5000.0
-5000.0
-5000.0
-5000.0
-5000.0
-5000.0
-5000.0
-5000.0
-5000.0
-5000.0
-5000.0
-5000.0
-5000.0
-5000.0
-5000.0
-5000.0
-5000.0
-5000.0
-5000.0
-5000.0
-5000.0
-5000.0
-5000.0
-5000.0
-5000.0
-5000.0
-5000.0
-5000.0
-5000.0
-5000.0
-5000.0
-5000.0
-5000.0
-5000.0
-5000.0
-5000.0
-5000.0
-5000.0
-5000.0
-5000.0
-5000.0
-5000.0
-5000.0
-5000.0
-5000.0
-5000.0
-5000.0
-5000.0
-5000.0
-5000.0
-5000.0
-5000.0
-5000.0
-5000.0
-5000.0
-5000.0
-5000.0
-5000.0
-5000.0
-5000.0
-5000.0
-5000.0
-5000.0
-5000.0
-5000.0
-5000.0
-5000.0
-5000.0
-5000.0
-5000.0
-5000.0
-5000.0
-5000.0
-5000.0
-5000.0
-5000.0
-5000.0
-5000.0
-5000.0
-5000.0
-5000.0
-5000.0
-5000.0
-5000.0
-5000.0
-5000.0
-5000.0
-5000.0
-5000.0
-5000.0
-5000.0
-5000.0
-5000.0
-5000.0
-5000.0
-5000.0
-5000.0
-5000.0
-5000.0
-5000.0
-5000.0
-5000.0
-5000.0
-5000.0
-5000.0
-5000.0
-5000.0
-5000.0
-5000.0
-5000.0
-5000.0
-5000.0
-5000.0
-5000.0
-5000.0
-5000.0
-5000.0
-5000.0
-5000.0
-5000.0
-5000.0
-5000.0
-5000.0
-5000.0
-5000.0
-5000.0
-5000.0
-5000.0
-5000.0
-5000.0
-5000.0
-5000.0
-5000.0
-5000.0
-5000.0
-5000.0
-5000.0
-5000.0
-5000.0
-5000.0
-5000.0
-5000.0
-5000.0
-5000.0
-5000.0
-5000.0
-5000.0
-5000.0
-5000.0
-5000.0
-5000.0
-5000.0
-5000.0
-5000.0
-5000.0
-5000.0
-5000.0
-5000.0
-5000.0
-5000.0
-5000.0
-5000.0
-5000.0
-5000.0
-5000.0
-5000.0
-5000.0
-5000.0
-5000.0
-5000.0
-5000.0
-5000.0
-5000.0
-5000.0
-5000.0
-5000.0
-5000.0
-5000.0
-5000.0
-5000.0
-5000.0
-5000.0
-5000.0
-5000.0
-5000.0
-5000.0
-5000.0
-5000.0
-5000.0
-5000.0
-5000.0
-5000.0
-5000.0
-5000.0
-5000.0
-5000.0
-4999.2
-5000.0
-5000.0
-5000.0
-5000.0
-5000.0
-5000.0
-5000.0
-5000.0
-5000.0
-5000.0
-5000.0
-5000.0
-4999.2
-5000.0
-5000.0
-5000.0
-5000.0
-5000.0
-5000.0
-5000.0
-5000.0
-5000.0
-5000.0
-5000.0
-5000.0
-5000.0
-5000.0
-5000.0
-5000.0
-5000.0
-5000.0
-4999.2
-5000.0
-5000.0
-5000.0
-4999.2
-4999.2
-5000.0
-5000.0
-5000.0
-5000.0
-5000.0
-4999.2
-5000.0
-5000.0
-5000.0
-5000.0
-5000.0
-5000.0
-5000.0
-5000.0
-5000.0
-5000.0
-4999.2
-5000.0
-5000.0
-5000.0
-5000.0
-4998.4
-5000.0
-5000.0
-5000.0
-4998.4
-5000.0
-5000.0
-5000.0
-5000.0
-5000.0
-5000.0
-5000.0
-5000.0
-5000.0
-5000.0
-5000.0
-5000.0
-5000.0
-5000.0
-5000.0
-5000.0
-5000.0
-4999.2
-5000.0
-5000.0
-4999.2
-5000.0
-5000.0
-5000.0
-4999.2
-5000.0
-4999.2
-5000.0
-5000.0
-5000.0
-5000.0
-4998.4
-4999.2
-5000.0
-5000.0
-4999.2
-5000.0
-4999.2
-4999.2
-4999.2
-4999.2
-4999.2
-5000.0
-5000.0
-4997.6
-5000.0
-4998.4
-4999.2
-5000.0
-4999.2
-5000.0
-5000.0
-4999.2
-5000.0
-4999.2
-5000.0
-4999.2
-4999.2
-4998.4
-4998.4
-4999.2
-5000.0
-5000.0
-4999.2
-5000.0
-4999.2
-4998.4
-4998.4
-4999.2
-4999.2
-4999.2
-4998.4
-4998.4
-4998.4
-4999.2
-4998.4
-4999.2
-4998.4
-5000.0
-4996.8
-4997.6
-4999.2
-4999.2
-4999.2
-4999.2
-4999.2
-4997.2
-4998.4
-4999.2
-4997.6
-5000.0
-4994.8
-4996.0
-4997.6
-4996.8
-4996.0
-4999.2
-4997.2
-4992.8
-4998.4
-4997.6
-4997.6
-4996.0
-5000.0
-4996.8
-5000.0
-4997.6
-4993.6
-4996.0
-4996.8
-4994.4
-4996.0
-4995.2
-4996.8
-4995.2
-4997.2
-4997.6
-4996.8
-4997.6
-4996.8
-4996.0
-4995.2
-4997.6
-4995.2
-4997.6
-4995.2
-4997.6
-4996.8
-4998.4
-4997.6
-4995.2
-4995.2
-4996.0
-4994.4
-4994.8
-4995.6
-4993.6
-4995.2
-4998.4
-4994.4
-4996.0
-4991.2
-4993.6
-4995.2
-4998.4
-4992.0
-4993.6
-4996.0
-4996.0
-4994.8
-4993.6
-4992.8
-4992.8
-4993.6
-4992.0
-4993.6
-4993.6
-4992.0
-4990.4
-4994.0
-4985.6
-4994.4
-4994.4
-4992.0
-4986.4
-4992.8
-4992.0
-4994.4
-4987.6
-4992.4
-4989.6
-4992.4
-4989.6
-4994.4
-4989.2
-4987.6
-4994.4
-4989.6
-4991.2
-4989.2
-4992.0
-4980.8
-4996.0
-4991.2
-4985.2
-4983.6
-4989.2
-4983.2
-4989.2
-4987.6
-4987.6
-4990.0
-4985.6
-4986.8
-4992.8
-4982.4
-4988.8
-4987.6
-4986.8
-4987.2
-4987.6
-4988.0
-4985.6
-4989.6
-4985.6
-4982.8
-4989.2
-4982.0
-4984.0
-4979.6
-4985.2
-4987.2
-4987.2
-4981.2
-4987.6
-4987.6
-4978.0
-4980.8
-4980.0
-4977.6
-4980.8
-4977.6
-4971.2
-4978.8
-4977.2
-4973.2
-4972.8
-4980.0
-4976.8
-4984.8
-4979.6
-4974.8
-4980.8
-4977.6
-4977.6
-4981.6
-4978.0
-4972.8
-4976.8
-4977.2
-4975.2
-4978.0
-4978.0
-4979.6
-4970.0
-4969.2
-4966.8
-4978.4
-4972.4
-4976.0
-4968.8
-4972.0
-4981.2
-4975.6
-4967.2
-4975.2
-4972.8
-4968.4
-4973.2
-4972.0
-4973.6
-4973.6
-4961.6
-4977.2
-4967.2
-4966.4
-4956.0
-4977.2
-4959.2
-4968.4
-4967.6
-4962.4
-4966.0
-4964.8
-4972.8
-4966.0
-4972.0
-4969.2
-4963.6
-4976.8
-4961.2
-4968.0
-4962.8
-4966.0
-4956.8
-4967.2
-4962.8
-4954.8
-4955.6
-4954.0
-4959.2
-4946.0
-4960.8
-4946.4
-4959.2
-4955.6
-4963.2
-4964.8
-4955.2
-4947.2
-4956.4
-4958.0
-4960.8
-4953.6
-4946.0
-4945.2
-4962.8
-4936.8
-4955.6
-4957.2
-4942.0
-4955.2
-4954.8
-4943.6
-4959.2
-4944.0
-4948.4
-4956.0
-4936.4
-4940.4
-4950.4
-4962.4
-4946.4
-4928.4
-4936.4
-4942.4
-4945.6
-4932.0
-4939.6
-4939.6
-4955.2
-4922.8
-4937.6
-4938.0
-4926.4
-4928.4
-4935.6
-4932.8
-4920.8
-4935.2
-4933.6
-4943.6
-4929.2
-4919.6
-4937.2
-4941.2
-4921.2
-4922.0
-4930.8
-4941.6
-4926.0
-4928.8
-4918.0
-4907.6
-4924.8
-4914.4
-4922.4
-4911.2
-4928.4
-4912.8
-4917.2
-4910.8
-4912.4
-4915.2
-4902.8
-4917.2
-4906.8
-4912.0
-4914.0
-4905.2
-4909.6
-4919.6
-4909.2
-4896.0
-4906.0
-4915.6
-4917.6
-4902.0
-4902.0
-4884.4
-4918.8
-4888.8
-4902.4
-4896.8
-4903.6
-4888.8
-4881.2
-4913.6
-4878.8
-4887.6
-4906.4
-4890.8
-4888.0
-4888.4
-4911.6
-4898.8
-4866.4
-4890.8
-4870.8
-4880.8
-4890.4
-4897.6
-4880.8
-4869.6
-4885.6
-4890.4
-4872.4
-4869.2
-4870.4
-4872.4
-4876.8
-4860.4
-4890.4
-4870.4
-4868.8
-4904.4
-4859.2
-4866.4
-4834.4
-4852.0
-4851.6
-4880.8
-4858.8
-4855.6
-4857.6
-4851.6
-4869.2
-4867.2
-4847.2
-4845.6
-4851.2
-4843.6
-4860.4
-4832.4
-4836.4
-4865.6
-4851.2
-4869.6
-4860.8
-4844.4
-4840.4
-4836.8
-4822.8
-4856.4
-4824.8
-4845.2
-4836.0
-4855.2
-4808.0
-4820.8
-4846.0
-4839.6
-4837.6
-4836.4
-4810.4
-4824.4
-4820.4
-4803.6
-4806.0
-4836.8
-4824.0
-4813.2
-4822.8
-4805.2
-4817.6
-4832.4
-4800.4
-4812.4
-4808.0
-4804.0
-4801.2
-4808.4
-4831.2
-4816.0
-4792.4
-4804.4
-4798.0
-4779.6
-4794.8
-4783.2
-4776.8
-4786.8
-4789.2
-4787.6
-4768.4
-4793.2
-4762.4
-4774.8
-4780.8
-4774.0
-4758.4
-4768.0
-4767.6
-4786.8
-4758.8
-4762.8
-4785.6
-4770.8
-4752.0
-4745.2
-4758.0
-4760.0
-4758.0
-4736.8
-4748.8
-4737.6
-4730.8
-4730.4
-4753.6
-4776.0
-4753.2
-4734.8
-4757.6
-4744.0
-4755.2
-4742.4
-4713.6
-4736.4
-4727.6
-4723.2
-4712.8
-4723.6
-4713.6
-4728.8
-4698.0
-4718.8
-4728.8
-4696.0
-4697.6
-4719.2
-4667.2
-4702.4
-4723.6
-4690.8
-4657.6
-4702.8
-4722.8
-4712.4
-4674.0
-4701.6
-4692.4
-4693.2
-4655.2
-4669.6
-4678.4
-4667.6
-4690.4
-4627.2
-4663.6
-4702.8
-4658.0
-4653.6
-4667.2
-4665.2
-4630.4
-4652.8
-4666.4
-4615.2
-4622.8
-4634.0
-4643.6
-4636.4
-4646.8
-4642.0
-4628.4
-4640.4
-4598.0
-4646.0
-4604.8
-4643.6
-4608.0
-4590.8
-4637.2
-4611.2
-4595.2
-4603.2
-4595.2
-4588.4
-4605.2
-4612.4
-4576.8
-4559.2
-4608.8
-4601.6
-4604.8
-4587.6
-4595.6
-4572.4
-4577.2
-4592.0
-4540.0
-4534.4
-4534.8
-4555.6
-4549.2
-4548.4
-4563.2
-4513.6
-4549.2
-4543.6
-4519.6
-4526.4
-4534.8
-4560.4
-4485.2
-4533.6
-4491.2
-4548.0
-4545.6
-4536.8
-4517.2
-4510.0
-4526.4
-4519.6
-4513.6
-4485.6
-4503.2
-4494.0
-4494.4
-4430.4
-4473.6
-4452.0
-4498.4
-4449.6
-4444.8
-4446.0
-4486.0
-4467.2
-4467.6
-4470.4
-4438.4
-4412.8
-4416.0
-4460.0
-4379.6
-4389.2
-4444.8
-4421.2
-4424.0
-4395.6
-4450.0
-4376.0
-4391.2
-4406.8
-4391.6
-4381.2
-4395.6
-4384.0
-4384.4
-4344.4
-4399.2
-4388.0
-4382.8
-4451.2
-4344.4
-4401.6
-4384.0
-4399.6
-4362.0
-4357.2
-4316.0
-4341.6
-4376.0
-4389.6
-4323.6
-4345.2
-4336.4
-4262.0
-4376.0
-4303.2
-4323.6
-4305.2
-4272.8
-4283.2
-4320.4
-4292.4
-4281.6
-4272.0
-4286.0
-4229.6
-4232.0
-4242.0
-4298.0
-4222.8
-4250.8
-4286.0
-4211.2
-4258.4
-4238.8
-4240.0
-4228.0
-4225.2
-4256.4
-4204.0
-4216.0
-4224.0
-4176.0
-4212.8
-4189.6
-4220.4
-4203.6
-4154.4
-4167.6
-4140.8
-4154.8
-4199.6
-4214.0
-4128.8
-4127.2
-4174.0
-4146.8
-4078.8
-4110.0
-4149.6
-4100.8
-4101.6
-4152.0
-4107.2
-4075.6
-4100.0
-4083.6
-4092.0
-4047.2
-4100.0
-4053.6
-4060.0
-4038.0
-4041.2
-4046.8
-4023.2
-3973.6
-4104.0
-4004.0
-3978.8
-4084.0
-4122.4
-3951.6
-3978.8
-4042.8
-4014.4
-4002.8
-3887.2
-3961.6
-3935.6
-3928.0
-3969.6
-3965.6
-3983.6
-3888.8
-3946.0
-3966.8
-3921.2
-3914.4
-3898.8
-3936.0
-3863.6
-3899.6
-3892.8
-3914.0
-3874.4
-3909.2
-3887.2
-3828.4
-3890.8
-3879.2
-3844.0
-3821.6
-3792.8
-3772.0
-3890.0
-3776.0
-3764.4
-3836.8
-3808.4
-3699.2
-3856.8
-3775.2
-3745.6
-3659.2
-3793.2
-3714.0
-3774.8
-3671.2
-3753.2
-3742.8
-3686.8
-3648.8
-3728.4
-3659.2
-3690.8
-3672.4
-3636.0
-3649.6
-3680.8
-3584.4
-3676.4
-3585.6
-3561.2
-3552.4
-3689.6
-3622.8
-3651.6
-3600.4
-3566.4
-3588.4
-3628.0
-3536.4
-3474.8
-3535.2
-3580.0
-3539.6
-3500.0
-3548.8
-3545.6
-3544.4
-3491.2
-3514.0
-3424.8
-3448.4
-3496.0
-3457.2
-3367.2
-3395.6
-3362.8
-3344.8
-3366.8
-3390.4
-3395.2
-3383.2
-3360.8
-3426.8
-3308.8
-3430.4
-3394.4
-3248.4
-3300.4
-3357.6
-3370.0
-3319.6
-3286.4
-3321.6
-3297.6
-3300.4
-3218.4
-3263.2
-3253.6
-3197.6
-3262.4
-3285.6
-3147.6
-3232.4
-3224.8
-3162.0
-3257.2
-3268.0
-3208.8
-3196.8
-3194.8
-3154.4
-3072.0
-3090.4
-3080.8
-3165.6
-3116.0
-3185.2
-3140.0
-3139.2
-3035.2
-3079.6
-3112.8
-3094.8
-3060.0
-3109.2
-2980.4
-2998.0
-2953.6
-3022.0
-3085.2
-3010.0
-3028.4
-3063.2
-3027.6
-2906.0
-2872.8
-2958.8
-3007.2
-2883.2
-2963.2
-2947.6
-3048.0
-2926.8
-2900.4
-2856.8
-2933.2
-2894.4
-2850.0
-2906.8
-2860.0
-2915.6
-2924.0
-2948.4
-2906.8
-2916.4
-2890.0
-2818.4
-2887.2
-2767.6
-2813.6
-2916.0
-2729.6
-2891.6
-2878.0
-2774.4
-2796.8
-2814.4
-2791.2
-2781.2
-2785.6
-2810.8
-2696.0
-2731.2
-2724.8
-2758.8
-2714.4
-2704.8
-2820.0
-2751.2
-2732.0
-2738.0
-2721.6
-2666.4
-2636.0
-2720.4
-2646.8
-2614.0
-2628.4
-2716.0
-2653.6
-2694.0
-2672.8
-2657.2
-2712.0
-2649.6
-2614.8
-2618.8
-2661.6
-2650.0
-2627.6
-2577.2
-2645.6
-2658.0
-2548.0
-2623.2
-2626.0
-2619.2
-2580.4
-2567.6
-2639.6
-2618.8
-2588.8
-2584.0
-2550.0
-2596.0
-2549.6
-2561.6
-2586.8
-2577.6
-2518.4
-2593.6
-2541.6
-2479.6
-2510.0
-2514.4
-2586.0
-2477.6
-2511.2
-2560.0
-2443.6
-2604.8
-2452.8
-2497.6
-2512.4
-2472.8
-2531.6
-2506.0
-2456.4
-2472.4
-2464.4
-2460.0
-2476.0
-2472.8
-2443.6
-2433.6
-2475.2
-2485.2
-2464.8
-2518.0
-2384.8
-2439.6
-2407.6
-2376.0
-2413.2
-2480.4
-2450.0
-2444.4
-2453.2
-2390.8
-2405.2
-2403.2
-2422.4
-2362.4
-2412.4
-2313.6
-2334.0
-2358.0
-2402.4
-2368.8
-2426.8
-2380.4
-2380.4
-2351.2
-2428.4
-2412.8
-2352.8
-2413.2
-2310.8
-2348.8
-2340.4
-2347.6
-2343.2
-2368.0
-2334.4
-2324.0
-2352.0
-2259.2
-2299.2
-2258.0
-2268.8
-2311.6
-2314.0
-2339.2
-2328.8
-2290.8
-2300.8
-2283.2
-2304.0
-2291.2
-2284.4
-2313.6
-2337.6
-2289.2
-2301.2
-2296.8
-2256.0
-2276.0
-2264.0
-2238.8
-2258.8
-2250.4
-2265.6
-2296.4
-2266.4
-2274.4
-2231.2
-2290.8
-2267.2
-2277.6
-2258.4
-2228.4
-2248.0
-2198.8
-2237.6
-2199.2
-2236.8
-2182.0
-2179.2
-2228.4
-2171.2
-2198.0
-2226.0
-2192.8
-2237.2
-2231.6
-2197.6
-2198.4
-2259.6
-2188.4
-2164.0
-2182.4
-2209.6
-2182.8
-2115.6
-2164.8
-2147.2
-2201.6
-2219.2
-2144.0
-2195.2
-2152.0
-2199.2
-2199.6
-2134.4
-2136.8
-2172.0
-2087.2
-2120.0
-2083.6
-2134.4
-2092.0
-2107.2
-2160.8
-2178.4
-2155.6
-2180.8
-2064.0
-2096.8
-2139.2
-2145.6
-2086.8
-2107.2
-2097.6
-2126.0
-2112.8
-2117.6
-2084.0
-2099.6
-2137.2
-2098.4
-2038.8
-2088.4
-2119.6
-2068.8
-2111.2
-2109.2
-2130.8
-2138.4
-2103.2
-2085.2
-2071.2
-2067.6
-2095.2
-2099.6
-2132.4
-2076.4
-2049.6
-2062.8
-2018.4
-2080.4
-2079.2
-2048.0
-2054.4
-2047.2
-2056.0
-2087.6
-2098.0
-2066.4
-2067.6
-2030.0
-2060.8
-2070.8
-2037.6
-2038.4
-2003.2
-1981.2
-2050.4
-2030.4
-1993.2
-2004.0
-2008.8
-1998.4
-1993.6
-2006.0
-2028.8
-2009.2
-2006.4
-2012.4
-1960.8
-1971.2
-1986.4
-1987.2
-1982.0
-1983.6
-2022.8
-2009.2
-2000.0
-1996.0
-1945.6
-1966.4
-1994.4
-1946.0
-2030.8
-1947.2
-1994.4
-1944.4
-1975.2
-1992.8
-1970.4
-1935.2
-1972.0
-1983.2
-1992.8
-1953.6
-1926.4
-2012.8
-1960.4
-1929.2
-1949.6
-1972.8
-1945.6
-1921.6
-1912.4
-1890.4
-1945.6
-1977.2
-1960.0
-1912.8
-1913.6
-1924.0
-1922.0
-1889.2
-1925.2
-1902.4
-1922.8
-1941.6
-1882.4
-1877.6
-1899.2
-1926.0
-1952.4
-1941.2
-1898.4
-1924.0
-1932.8
-1879.6
-1886.4
-1909.6
-1911.2
-1908.0
-1861.6
-1870.4
-1851.6
-1887.2
-1921.6
-1893.6
-1916.8
-1866.0
-1871.2
-1836.0
-1911.2
-1875.6
-1910.0
-1927.2
-1920.8
-1819.2
-1819.6
-1883.6
-1883.6
-1900.4
-1853.6
-1863.6
-1865.6
-1885.6
-1890.8
-1874.0
-1859.2
-1818.0
-1860.8
-1832.4
-1860.0
-1839.2
-1862.8
-1870.0
-1856.4
-1803.2
-1842.8
-1815.2
-1868.0
-1823.6
-1811.6
-1804.0
-1814.8
-1832.8
-1811.6
-1823.2
-1806.4
-1808.0
-1846.4
-1829.2
-1814.0
-1782.0
-1798.4
-1849.6
-1800.4
-1806.8
-1846.8
-1796.8
-1806.0
-1822.8
-1844.8
-1814.0
-1756.0
-1784.8
-1774.4
-1806.8
-1787.2
-1768.0
-1803.6
-1804.8
-1782.0
-1788.0
-1793.2
-1732.0
-1756.0
-1780.0
-1778.4
-1737.2
-1762.4
-1751.2
-1789.6
-1744.8
-1720.0
-1772.8
-1764.8
-1772.4
-1790.4
-1744.0
-1817.2
-1742.8
-1767.2
-1730.4
-1745.2
-1713.2
-1736.0
-1740.8
-1752.0
-1744.8
-1719.6
-1699.2
-1711.6
-1705.6
-1739.2
-1734.0
-1792.8
-1701.2
-1760.0
-1745.6
-1766.8
-1731.6
-1710.8
-1787.6
-1739.2
-1735.6
-1730.0
-1741.2
-1731.6
-1666.0
-1724.4
-1666.8
-1775.6
-1769.2
-1744.4
-1697.2
-1717.2
-1694.4
-1789.6
-1703.6
-1700.0
-1676.8
-1686.4
-1650.0
-1749.6
-1685.6
-1718.8
-1713.6
-1693.2
-1670.0
-1696.0
-1700.0
-1624.0
-1655.2
-1662.4
-1661.2
-1748.0
-1668.4
-1687.2
-1707.2
-1677.6
-1698.0
-1670.4
-1668.0
-1695.6
-1668.4
-1663.6
-1656.8
-1673.2
-1740.8
-1624.8
-1702.4
-1686.8
-1679.6
-1648.8
-1550.8
-1654.0
-1645.6
-1681.2
-1652.0
-1661.6
-1621.2
-1645.2
-1671.6
-1692.4
-1617.2
-1623.2
-1568.0
-1601.2
-1673.2
-1629.2
-1662.8
-1626.4
-1678.0
-1622.8
-1668.0
-1618.8
-1655.6
-1643.6
-1660.0
-1591.6
-1638.4
-1623.2
-1613.2
-1600.0
-1649.2
-1633.2
-1669.2
-1602.8
-1630.8
-1570.4
-1633.2
-1627.6
-1620.0
-1633.6
-1594.0
-1594.0
-1590.4
-1579.6
-1591.2
-1635.6
-1581.2
-1598.0
-1622.0
-1604.8
-1601.2
-1570.4
-1617.2
-1636.0
-1569.2
-1598.4
-1622.4
-1626.8
-1616.8
-1580.8
-1571.2
-1570.8
-1539.6
-1584.8
-1612.4
-1607.2
-1595.6
-1581.2
-1573.6
-1588.4
-1574.8
-1572.8
-1613.6
-1564.8
-1547.6
-1606.0
-1544.8
-1571.6
-1530.0
-1596.8
-1585.2
-1573.2
-1550.4
-1594.8
-1537.6
-1522.0
-1566.4
-1551.6
-1539.6
-1525.2
-1572.4
-1543.2
-1528.0
-1561.6
-1518.4
-1510.4
-1571.2
-1486.4
-1518.8
-1553.2
-1546.0
-1508.0
-1534.4
-1478.0
-1594.8
-1522.8
-1594.8
-1516.0
-1504.0
-1544.4
-1500.4
-1553.2
-1563.6
-1524.4
-1530.4
-1547.6
-1495.2
-1501.6
-1540.8
-1529.6
-1510.8
-1536.4
-1486.0
-1528.0
-1498.0
-1481.2
-1530.0
-1520.8
-1506.0
-1497.2
-1494.0
-1567.6
-1535.6
-1526.4
-1546.0
-1496.0
-1482.4
-1524.8
-1514.4
-1501.6
-1436.8
-1562.8
-1512.4
-1486.8
-1503.2
-1557.2
-1470.4
-1461.2
-1504.8
-1512.8
-1459.6
-1496.4
-1444.4
-1504.0
-1502.4
-1480.4
-1464.0
-1489.2
-1477.2
-1502.4
-1450.0
-1485.6
-1465.2
-1478.0
-1478.0
-1502.0
-1487.6
-1454.8
-1506.0
-1456.0
-1517.2
-1492.4
-1480.4
-1438.8
-1478.8
-1439.6
-1474.8
-1469.6
-1399.6
-1405.2
-1407.2
-1442.8
-1429.2
-1434.8
-1488.4
-1456.0
-1464.4
-1503.6
-1419.6
-1410.8
-1450.8
-1522.4
-1430.0
-1430.4
-1447.6
-1412.0
-1461.2
-1442.4
-1466.0
-1495.2
-1449.2
-1422.8
-1426.8
-1410.8
-1452.0
-1496.8
-1444.8
-1414.4
-1466.0
-1398.4
-1453.6
-1447.6
-1433.2
-1472.4
-1448.8
-1397.6
-1432.0
-1435.2
-1402.4
-1428.0
-1404.8
-1415.6
-1467.2
-1435.2
-1396.4
-1420.0
-1394.8
-1462.0
-1462.4
-1423.6
-1410.0
-1406.8
-1422.4
-1408.0
-1444.8
-1453.6
-1428.8
-1371.2
-1365.2
-1394.4
-1458.8
-1405.2
-1371.2
-1419.2
-1367.6
-1422.8
-1398.0
-1444.4
-1420.4
-1430.4
-1384.4
-1412.4
-1365.6
-1422.4
-1396.8
-1378.4
