152.0
16.0
-20.0
12.0
-48.0
-62.0
44.0
-32.0
48.0
-24.0
-2.0
0.0
-50.0
4.0
2.0
-14.0
2.0
20.0
-40.0
-24.0
2.0
46.0
-14.0
44.0
40.0
28.0
-24.0
-2.0
-30.0
-2.0
-6.0
-18.0
-64.0
28.0
-8.0
-14.0
-4.0
-22.0
-4.0
-4.0
46.0
6.0
-4.0
10.0
38.0
-22.0
12.0
32.0
-4.0
14.0
-42.0
30.0
-32.0
4.0
-18.0
-26.0
-6.0
-28.0
-2.0
-6.0
-30.0
6.0
4.0
-48.0
14.0
4.0
-18.0
2.0
-18.0
-18.0
-6.0
18.0
-34.0
-20.0
-4.0
0.0
32.0
-12.0
60.0
-46.0
26.0
20.0
14.0
-26.0
24.0
-10.0
-40.0
26.0
-34.0
16.0
-48.0
12.0
-50.0
-14.0
0.0
14.0
26.0
-12.0
32.0
-36.0
-38.0
46.0
0.0
-20.0
-10.0
-44.0
-20.0
-24.0
-12.0
36.0
22.0
24.0
-6.0
16.0
30.0
18.0
10.0
32.0
10.0
-28.0
-28.0
14.0
-52.0
-34.0
-34.0
14.0
-12.0
-34.0
-26.0
10.0
-26.0
-12.0
20.0
-22.0
4.0
40.0
22.0
-14.0
30.0
-12.0
36.0
72.0
34.0
-52.0
28.0
-14.0
28.0
-32.0
4.0
-10.0
0.0
26.0
-88.0
-46.0
-14.0
18.0
-94.0
26.0
-28.0
44.0
-66.0
6.0
-8.0
-48.0
-64.0
2.0
-22.0
36.0
38.0
-12.0
12.0
-4.0
-18.0
66.0
-68.0
-16.0
88.0
58.0
-8.0
-18.0
12.0
16.0
-34.0
22.0
16.0
-36.0
-28.0
40.0
2.0
28.0
50.0
-50.0
-30.0
14.0
6.0
-42.0
-20.0
-48.0
74.0
-14.0
74.0
44.0
38.0
4.0
-54.0
-80.0
-38.0
-8.0
86.0
44.0
62.0
46.0
-26.0
108.0
-50.0
-56.0
-28.0
-14.0
12.0
-44.0
66.0
-24.0
-70.0
-26.0
28.0
60.0
6.0
50.0
-12.0
74.0
26.0
14.0
-44.0
40.0
54.0
-90.0
-16.0
50.0
28.0
-6.0
-30.0
74.0
72.0
-18.0
-52.0
-32.0
112.0
36.0
-60.0
-46.0
62.0
82.0
0.0
82.0
-56.0
-24.0
-46.0
40.0
76.0
-40.0
-10.0
24.0
38.0
-94.0
-6.0
4.0
-60.0
50.0
56.0
40.0
-16.0
12.0
-6.0
76.0
10.0
-42.0
-2.0
64.0
-8.0
152.0
-52.0
2.0
8.0
34.0
-10.0
-20.0
-74.0
-50.0
0.0
-16.0
-6.0
28.0
-26.0
-2.0
80.0
-54.0
-86.0
-42.0
72.0
16.0
-20.0
-2.0
106.0
-70.0
36.0
-22.0
26.0
30.0
-38.0
-10.0
-38.0
-110.0
38.0
2.0
-2.0
38.0
-18.0
64.0
-8.0
28.0
-52.0
-90.0
48.0
-48.0
-26.0
62.0
82.0
-60.0
20.0
4.0
48.0
-52.0
96.0
-2.0
-16.0
0.0
-24.0
-72.0
12.0
-30.0
-62.0
-118.0
-54.0
-50.0
-94.0
-118.0
44.0
-66.0
8.0
-4.0
74.0
-14.0
-58.0
-58.0
-90.0
16.0
-32.0
40.0
34.0
-12.0
14.0
122.0
24.0
-102.0
-66.0
-4.0
-28.0
-24.0
-6.0
-24.0
-48.0
-4.0
36.0
10.0
8.0
52.0
-94.0
-66.0
118.0
-54.0
-14.0
126.0
-94.0
106.0
-86.0
148.0
12.0
126.0
146.0
82.0
32.0
38.0
30.0
-54.0
-130.0
60.0
6.0
22.0
132.0
78.0
4.0
-34.0
16.0
38.0
-18.0
76.0
-68.0
-28.0
6.0
-56.0
26.0
-8.0
106.0
50.0
138.0
100.0
-56.0
94.0
-68.0
14.0
-12.0
176.0
4.0
10.0
36.0
20.0
58.0
-82.0
-162.0
-20.0
52.0
28.0
-64.0
40.0
68.0
-42.0
-74.0
24.0
-124.0
22.0
-12.0
-84.0
-48.0
-36.0
-8.0
-84.0
36.0
-56.0
-6.0
10.0
-46.0
12.0
-70.0
-64.0
-12.0
0.0
-60.0
-170.0
-20.0
34.0
-32.0
12.0
-22.0
18.0
-120.0
48.0
-16.0
146.0
110.0
28.0
8.0
-26.0
106.0
-36.0
-48.0
60.0
-12.0
-36.0
-64.0
2.0
106.0
-46.0
22.0
60.0
-14.0
60.0
-50.0
24.0
146.0
-34.0
-26.0
-46.0
-100.0
44.0
146.0
30.0
8.0
32.0
-26.0
162.0
-104.0
90.0
-36.0
52.0
-74.0
-80.0
-58.0
0.0
-6.0
48.0
-86.0
30.0
-100.0
-28.0
20.0
-54.0
274.0
-24.0
44.0
-120.0
-14.0
14.0
148.0
68.0
26.0
-58.0
8.0
-158.0
-150.0
26.0
-8.0
106.0
-76.0
-116.0
74.0
84.0
18.0
-8.0
-120.0
-4.0
-80.0
-72.0
100.0
-28.0
40.0
-214.0
-120.0
36.0
64.0
-100.0
50.0
-90.0
16.0
30.0
56.0
-14.0
44.0
-42.0
-24.0
52.0
-2.0
74.0
18.0
6.0
30.0
-24.0
78.0
-52.0
-10.0
26.0
104.0
-18.0
-30.0
-122.0
-66.0
128.0
86.0
100.0
136.0
84.0
-42.0
-32.0
-48.0
-118.0
-16.0
-100.0
10.0
18.0
26.0
24.0
78.0
44.0
-68.0
-58.0
-44.0
4.0
-82.0
-48.0
30.0
-84.0
-12.0
-52.0
22.0
-52.0
-70.0
74.0
-88.0
30.0
14.0
156.0
56.0
-30.0
-80.0
4.0
-20.0
-36.0
-58.0
-140.0
-40.0
-116.0
110.0
-46.0
-18.0
-22.0
10.0
-96.0
158.0
20.0
2.0
40.0
-82.0
-76.0
64.0
-74.0
20.0
-154.0
70.0
-20.0
-56.0
-30.0
58.0
-20.0
-14.0
-68.0
88.0
-112.0
80.0
88.0
-86.0
-34.0
94.0
-26.0
56.0
-4.0
86.0
26.0
-102.0
-8.0
20.0
122.0
-212.0
94.0
-114.0
-16.0
92.0
94.0
70.0
2.0
42.0
-28.0
-50.0
40.0
-50.0
122.0
-128.0
66.0
128.0
-80.0
126.0
-8.0
-30.0
-60.0
150.0
32.0
-44.0
-4.0
-58.0
20.0
-36.0
-24.0
-36.0
26.0
78.0
26.0
24.0
-36.0
-88.0
14.0
-34.0
40.0
-30.0
134.0
88.0
-30.0
24.0
24.0
18.0
24.0
76.0
-38.0
30.0
-64.0
54.0
-36.0
104.0
8.0
-66.0
-50.0
46.0
12.0
-104.0
-56.0
-70.0
-84.0
54.0
-42.0
-156.0
-60.0
-108.0
-34.0
42.0
-20.0
98.0
-104.0
-2.0
-108.0
146.0
-54.0
36.0
138.0
104.0
-2.0
-56.0
66.0
-40.0
-124.0
26.0
-58.0
54.0
-156.0
26.0
28.0
76.0
-36.0
-132.0
-192.0
10.0
160.0
-12.0
46.0
-8.0
24.0
-90.0
106.0
142.0
-82.0
0.0
12.0
-82.0
34.0
-114.0
-52.0
-124.0
128.0
12.0
-78.0
-4.0
114.0
-6.0
-138.0
-84.0
-84.0
-2.0
36.0
36.0
-48.0
-18.0
-94.0
66.0
4.0
114.0
84.0
-4.0
-20.0
28.0
-20.0
14.0
24.0
16.0
70.0
-62.0
-162.0
-84.0
-2.0
148.0
62.0
-118.0
-16.0
18.0
-6.0
56.0
-76.0
-8.0
-54.0
28.0
-198.0
88.0
-40.0
44.0
114.0
-36.0
12.0
0.0
-94.0
100.0
-38.0
4.0
140.0
166.0
18.0
48.0
-22.0
50.0
34.0
72.0
-20.0
14.0
-32.0
-18.0
40.0
40.0
-64.0
60.0
-190.0
-104.0
18.0
-102.0
22.0
-52.0
140.0
50.0
-28.0
-120.0
40.0
6.0
92.0
76.0
24.0
-22.0
102.0
-220.0
120.0
-64.0
-118.0
-76.0
12.0
36.0
-92.0
64.0
-16.0
56.0
36.0
14.0
-162.0
38.0
14.0
18.0
-30.0
2.0
-10.0
194.0
70.0
-122.0
106.0
44.0
-46.0
32.0
-194.0
-24.0
26.0
42.0
178.0
8.0
-10.0
140.0
22.0
-126.0
128.0
24.0
-104.0
-124.0
116.0
68.0
-40.0
132.0
-4.0
116.0
-60.0
-90.0
22.0
64.0
-12.0
18.0
104.0
46.0
-4.0
22.0
-26.0
82.0
-10.0
-22.0
18.0
62.0
-96.0
-78.0
104.0
-116.0
130.0
-146.0
122.0
14.0
-90.0
-8.0
140.0
-44.0
66.0
24.0
-118.0
0.0
56.0
-46.0
160.0
-72.0
160.0
-58.0
-38.0
-42.0
-24.0
-28.0
132.0
-88.0
-70.0
32.0
64.0
76.0
24.0
-70.0
-80.0
-98.0
-70.0
-34.0
-56.0
102.0
-130.0
68.0
-18.0
-76.0
-14.0
-24.0
94.0
32.0
-182.0
48.0
-132.0
86.0
-66.0
-14.0
-78.0
-188.0
112.0
-14.0
140.0
36.0
-122.0
-28.0
72.0
-44.0
-24.0
60.0
52.0
-12.0
-102.0
-74.0
-36.0
150.0
124.0
0.0
-92.0
72.0
-50.0
10.0
