1.0
1.0
1.0
1.0
1.0
1.0
1.0
1.0
1.0
1.0
1.0
1.0
1.0
1.0
1.0
1.0
1.0
1.0
1.0
1.0
1.0
1.0
1.0
1.0
1.0
1.0
1.0
1.0
1.0
1.0
1.0
1.0
1.0
1.0
1.0
1.0
1.0
1.0
1.0
1.0
1.0
1.0
1.0
1.0
1.0
1.0
1.0
1.0
1.0
1.0
1.0
1.0
1.0
1.0
1.0
1.0
1.0
1.0
1.0
1.0
1.0
1.0
1.0
1.0
1.0
1.0
1.0
1.0
1.0
1.0
1.0
1.0
1.0
1.0
1.0
1.0
1.0
1.0
1.0
1.0
1.0
1.0
1.0
1.0
1.0
1.0
1.0
1.0
1.0
1.0
1.0
1.0
1.0
1.0
1.0
1.0
1.0
1.0
1.0
1.0
1.0
1.0
1.0
1.0
1.0
1.0
1.0
1.0
1.0
1.0
1.0
1.0
1.0
1.0
1.0
1.0
1.0
1.0
1.0
1.0
1.0
1.0
1.0
1.0
1.0
1.0
1.0
1.0
1.0
1.0
1.0
1.0
1.0
1.0
1.0
1.0
1.0
1.0
1.0
1.0
1.0
1.0
1.0
1.0
1.0
1.0
1.0
1.0
1.0
1.0
1.0
1.0
1.0
1.0
1.0
1.0
1.0
1.0
1.0
1.0
1.0
1.0
1.0
1.0
1.0
1.0
1.0
1.0
1.0
1.0
1.0
1.0
1.0
1.0
1.0
1.0
1.0
1.0
1.0
1.0
1.0
1.0
1.0
1.0
1.0
1.0
1.0
1.0
1.0
1.0
1.0
1.0
1.0
1.0
1.0
1.0
1.0
1.0
1.0
1.0
1.0
1.0
1.0
1.0
1.0
1.0
1.0
1.0
1.0
1.0
1.0
1.0
1.0
1.0
1.0
1.0
1.0
1.0
1.0
1.0
1.0
1.0
1.0
1.0
1.0
1.0
1.0
1.0
1.0
1.0
1.0
1.0
1.0
1.0
1.0
1.0
1.0
1.0
1.0
1.0
1.0
1.0
1.0
1.0
1.0
1.0
1.0
1.0
1.0
1.0
1.0
1.0
1.0
1.0
1.0
1.0
1.0
1.0
1.0
1.0
1.0
1.0
1.0
1.0
1.0
1.0
1.0
1.0
1.0
1.0
1.0
1.0
1.0
1.0
1.0
1.0
1.0
1.0
1.0
1.0
0.9998400000000001
1.0
1.0
1.0
1.0
1.0
1.0
1.0
1.0
1.0
1.0
1.0
1.0
0.9998400000000001
1.0
1.0
1.0
1.0
1.0
1.0
1.0
1.0
1.0
1.0
1.0
1.0
1.0
1.0
1.0
1.0
1.0
1.0
0.9998400000000001
1.0
1.0
1.0
0.9998400000000001
0.9998400000000001
1.0
1.0
1.0
1.0
1.0
0.9998400000000001
1.0
1.0
1.0
1.0
1.0
1.0
1.0
1.0
1.0
1.0
0.9998400000000001
1.0
1.0
1.0
1.0
0.99968
1.0
1.0
1.0
0.99968
1.0
1.0
1.0
1.0
1.0
1.0
1.0
1.0
1.0
1.0
1.0
1.0
1.0
1.0
1.0
1.0
1.0
0.9998400000000001
1.0
1.0
0.9998400000000001
1.0
1.0
1.0
0.9998400000000001
1.0
0.9998400000000001
1.0
1.0
1.0
1.0
0.99968
0.9998400000000001
1.0
1.0
0.9998400000000001
1.0
0.9998400000000001
0.9998400000000001
0.9998400000000001
0.9998400000000001
0.9998400000000001
1.0
1.0
0.9995200000000001
1.0
0.99968
0.9998400000000001
1.0
0.9998400000000001
1.0
1.0
0.9998400000000001
1.0
0.9998400000000001
1.0
0.9998400000000001
0.9998400000000001
0.99968
0.99968
0.9998400000000001
1.0
1.0
0.9998400000000001
1.0
0.9998400000000001
0.99968
0.99968
0.9998400000000001
0.9998400000000001
0.9998400000000001
0.99968
0.99968
0.99968
0.9998400000000001
0.99968
0.9998400000000001
0.99968
1.0
0.99936
0.9995200000000001
0.9998400000000001
0.9998400000000001
0.9998400000000001
0.9998400000000001
0.9998400000000001
0.9993599999999999
0.99968
0.9998400000000001
0.9995200000000001
1.0
0.9990400000000002
0.9992000000000001
0.9995200000000001
0.99936
0.9992000000000001
0.9998400000000001
0.9995200000000001
0.9985600000000001
0.99968
0.9995200000000001
0.9995200000000001
0.9992000000000001
1.0
0.99936
1.0
0.9995200000000001
0.9987199999999999
0.9992000000000001
0.99936
0.9988800000000001
0.9992000000000001
0.9990400000000002
0.99936
0.9990400000000002
0.99936
0.9995200000000001
0.99936
0.9995200000000001
0.99936
0.9992000000000001
0.9990400000000002
0.9995200000000001
0.9990400000000002
0.9995200000000001
0.9990400000000002
0.9995200000000001
0.99936
0.99968
0.9995200000000001
0.9990399999999999
0.9990400000000002
0.9991999999999999
0.99888
0.99888
0.9992000000000001
0.9987200000000002
0.9990400000000002
0.99968
0.9988800000000001
0.9992000000000001
0.99824
0.9987199999999999
0.9990400000000002
0.99968
0.9984
0.9987200000000002
0.9992000000000001
0.9992000000000001
0.99888
0.9987199999999999
0.9985600000000001
0.9985600000000001
0.9987200000000002
0.9984
0.9987200000000002
0.9987199999999999
0.9984000000000002
0.9980800000000001
0.99888
0.9972799999999999
0.9988800000000001
0.9988800000000001
0.9984
0.9972800000000002
0.99856
0.9984
0.9988800000000001
0.9974400000000001
0.99856
0.99792
0.99856
0.9979199999999999
0.9988800000000001
0.99792
0.9974399999999999
0.9988800000000001
0.99792
0.9982399999999998
0.9977599999999999
0.9984000000000002
0.9960000000000001
0.9992000000000001
0.9982400000000002
0.99696
0.9968000000000001
0.9979200000000003
0.99664
0.99792
0.9974400000000001
0.9976
0.9980800000000002
0.99712
0.9974400000000001
0.9985600000000001
0.99648
0.9977600000000001
0.9974400000000001
0.9972800000000002
0.9974400000000001
0.9975999999999999
0.9976
0.99712
0.99792
0.9971200000000001
0.99648
0.9977599999999999
0.99664
0.9968
0.99584
0.99712
0.9974400000000001
0.9974400000000001
0.99616
0.9974399999999999
0.9974399999999999
0.9956800000000001
0.9960000000000001
0.9960000000000001
0.9955200000000002
0.99616
0.9955200000000002
0.9944000000000001
0.9956799999999999
0.9955200000000002
0.99472
0.9945600000000002
0.9960000000000001
0.99536
0.9969600000000002
0.9960000000000001
0.9952
0.99616
0.9952000000000002
0.99536
0.9963200000000001
0.9956800000000001
0.9945599999999999
0.9955200000000002
0.9955200000000002
0.99504
0.9956800000000001
0.99536
0.9960000000000001
0.9940800000000001
0.99408
0.99328
0.9956800000000001
0.9944000000000001
0.9953600000000001
0.99376
0.9942400000000001
0.99616
0.9950400000000001
0.99344
0.99504
0.9948799999999999
0.9935999999999998
0.9947199999999998
0.9944000000000001
0.9947200000000003
0.9945600000000001
0.9921599999999999
0.99552
0.99344
0.9932800000000002
0.9912000000000001
0.99552
0.9916799999999999
0.99376
0.99376
0.9921599999999999
0.99312
0.9929600000000001
0.9945600000000001
0.99312
0.9944000000000001
0.99408
0.9929600000000001
0.9953600000000001
0.99232
0.9934399999999999
0.9927999999999999
0.9927999999999999
0.9910400000000001
0.9936
0.9924799999999999
0.9908800000000001
0.9911999999999999
0.99056
0.9918400000000002
0.9889600000000002
0.9921599999999999
0.9892799999999999
0.99168
0.9910399999999999
0.9924800000000001
0.9929599999999998
0.9910399999999999
0.9892800000000002
0.9913599999999999
0.9915199999999998
0.9921600000000002
0.9904
0.98912
0.98896
0.9926400000000001
0.9876800000000001
0.9910399999999999
0.9915199999999998
0.9883200000000001
0.9910399999999999
0.9907199999999999
0.9883200000000001
0.9916800000000002
0.98848
0.98992
0.9912000000000001
0.9873600000000001
0.9881599999999999
0.99024
0.9928000000000001
0.98912
0.98576
0.9871999999999999
0.9888
0.9895999999999999
0.9864
0.9883200000000001
0.9879999999999999
0.9910399999999999
0.9846400000000001
0.9876800000000001
0.9876799999999999
0.98544
0.9856
0.9872
0.9867199999999998
0.9843199999999998
0.9871999999999999
0.9864
0.98864
0.9859199999999999
0.98432
0.9878399999999999
0.98816
0.9844800000000001
0.9843200000000001
0.9863999999999999
0.9883200000000001
0.98512
0.9859199999999999
0.98336
0.9815999999999999
0.98512
0.9830400000000001
0.9846400000000001
0.98224
0.98528
0.9827199999999999
0.9839999999999998
0.98224
0.98256
0.9828800000000001
0.98016
0.98384
0.9812800000000002
0.9817600000000001
0.98288
0.9812799999999999
0.98192
0.984
0.98224
0.97904
0.9816
0.9827200000000001
0.9838399999999998
0.98064
0.9803200000000001
0.9768000000000001
0.9841599999999999
0.97872
0.9804799999999998
0.97904
0.9808
0.9777600000000002
0.9763200000000001
0.9831999999999999
0.97568
0.9768000000000001
0.98112
0.9785600000000001
0.97808
0.9776000000000001
0.98224
0.9795200000000002
0.9728
0.9783999999999999
0.97424
0.9766400000000001
0.9779199999999999
0.9796800000000001
0.9761600000000001
0.97424
0.9772799999999998
0.9777600000000002
0.9747199999999999
0.9734399999999999
0.97392
0.9753599999999999
0.9752000000000001
0.9723200000000001
0.97872
0.9737599999999998
0.97392
0.9803200000000001
0.9719999999999999
0.9735999999999999
0.9663999999999999
0.9702399999999999
0.9699199999999999
0.9763200000000001
0.9716799999999998
0.97104
0.9716799999999999
0.9704
0.9731200000000001
0.9734400000000001
0.9687999999999999
0.96912
0.9699199999999999
0.9694399999999999
0.9716800000000001
0.9672000000000001
0.9670399999999999
0.9736
0.9696
0.97392
0.9721599999999999
0.9691199999999999
0.96768
0.9670400000000001
0.9648
0.9713599999999998
0.9640000000000001
0.96944
0.9670400000000001
0.9718399999999999
0.96112
0.96416
0.9681599999999999
0.9678400000000001
0.9675199999999998
0.96752
0.9616
0.96416
0.9644799999999998
0.96128
0.96176
0.96688
0.96592
0.96272
0.9652799999999999
0.96064
0.9643200000000001
0.9664000000000001
0.96032
0.9611199999999999
0.96144
0.9603200000000001
0.95968
0.9614400000000002
0.96592
0.96304
0.9584000000000001
0.9608000000000001
0.96032
0.9551999999999999
0.9587199999999999
0.95712
0.95504
0.95712
0.9582400000000002
0.9582400000000002
0.95312
0.9592
0.9521599999999999
0.9555199999999999
0.9563200000000002
0.9539200000000001
0.95184
0.9528000000000001
0.95408
0.9574399999999998
0.95152
0.9527999999999999
0.9566399999999998
0.95344
0.95024
0.9492799999999999
0.9511999999999998
0.9523199999999999
0.95152
0.94704
0.9499200000000002
0.9457599999999999
0.9468800000000002
0.9456000000000001
0.95008
0.9556800000000001
0.9499199999999999
0.9459199999999999
0.9512
0.9486399999999999
0.9505600000000001
0.9483199999999998
0.9423999999999999
0.94672
0.94512
0.94672
0.9428799999999999
0.94528
0.9406400000000001
0.9476800000000001
0.9409599999999999
0.9444800000000001
0.9465599999999998
0.9393600000000001
0.93904
0.94352
0.93424
0.94016
0.94464
0.9382400000000001
0.9315199999999999
0.9420800000000001
0.94464
0.9436800000000002
0.9347199999999999
0.94032
0.93872
0.9383999999999999
0.932
0.9339200000000002
0.9352
0.9336
0.9380799999999999
0.92592
0.9331200000000001
0.94144
0.93008
0.9304
0.9336
0.9331200000000001
0.9267199999999999
0.9304
0.9329600000000001
0.9235200000000001
0.9248000000000001
0.9272
0.92912
0.9279999999999999
0.9300799999999999
0.92768
0.92592
0.92752
0.91936
0.9304
0.9220799999999999
0.9299200000000001
0.92256
0.91808
0.9276800000000002
0.9223999999999999
0.9174399999999998
0.9212800000000001
0.9192
0.9187199999999999
0.9228800000000001
0.92128
0.91584
0.9119999999999999
0.92336
0.9208000000000001
0.9208000000000001
0.9176
0.91984
0.916
0.9139199999999998
0.91952
0.90832
0.9070400000000001
0.9056
0.9132800000000001
0.90992
0.9107199999999999
0.9129600000000002
0.9022399999999999
0.9102400000000002
0.9092799999999999
0.9027200000000001
0.90608
0.9075199999999999
0.9131199999999999
0.8964799999999998
0.9086400000000001
0.89984
0.9075200000000001
0.9092800000000001
0.9086399999999999
0.9040000000000001
0.9012800000000001
0.90528
0.9022400000000002
0.9027200000000001
0.8968
0.90144
0.9009600000000001
0.8988800000000001
0.8855999999999999
0.8934400000000002
0.89072
0.89984
0.89184
0.8881600000000001
0.88896
0.8971200000000001
0.8953599999999999
0.8953599999999999
0.8943999999999999
0.8867200000000001
0.88272
0.8847999999999999
0.8939199999999999
0.87584
0.8787200000000001
0.8868800000000002
0.8852800000000001
0.8844799999999999
0.87904
0.8891199999999999
0.87568
0.8775999999999999
0.88256
0.87888
0.8769599999999999
0.8793600000000001
0.8783999999999998
0.87712
0.8675200000000001
0.8782399999999999
0.8777600000000001
0.8769600000000001
0.88896
0.8700800000000001
0.8814400000000001
0.8772800000000001
0.88016
0.87184
0.87152
0.86384
0.87056
0.8747200000000002
0.87808
0.8660799999999998
0.868
0.8689600000000001
0.8505600000000001
0.8748799999999999
0.8609600000000001
0.8649600000000002
0.8601599999999999
0.8539200000000001
0.8560000000000001
0.86304
0.8593599999999999
0.85808
0.8518399999999999
0.85632
0.84256
0.8472
0.8483199999999999
0.8598399999999999
0.84576
0.85008
0.85664
0.8408
0.8507200000000001
0.8478399999999999
0.84688
0.84544
0.8431999999999998
0.8508799999999999
0.84304
0.8427199999999999
0.84704
0.8364800000000001
0.8417600000000001
0.8374400000000002
0.8446400000000001
0.8404800000000001
0.8280000000000001
0.83536
0.82656
0.83088
0.8396799999999999
0.8416
0.82592
0.8263999999999999
0.83456
0.8313600000000001
0.8153599999999999
0.8184000000000001
0.8304
0.81904
0.8201600000000001
0.8302400000000001
0.8224
0.8144
0.81728
0.8135999999999999
0.8166399999999999
0.81104
0.8201599999999999
0.81312
0.80944
0.8038399999999999
0.80816
0.8072000000000001
0.8044800000000001
0.79728
0.81856
0.80048
0.79472
0.81456
0.8222400000000002
0.79344
0.79552
0.8112
0.80112
0.80128
0.7793599999999998
0.7888
0.792
0.7859200000000001
0.79232
0.7913600000000001
0.79888
0.7761600000000001
0.7878399999999999
0.7936
0.7843199999999999
0.78432
0.78288
0.78768
0.77424
0.77744
0.7776000000000001
0.78208
0.7755199999999999
0.7836799999999999
0.77904
0.7660799999999999
0.7761600000000001
0.7776000000000001
0.7670399999999999
0.7662399999999999
0.76208
0.75488
0.77536
0.7552000000000001
0.75584
0.7656000000000001
0.7607999999999999
0.7367999999999999
0.7694399999999999
0.7558400000000001
0.7464000000000001
0.73072
0.75968
0.7439999999999999
0.7548799999999999
0.73376
0.7494400000000001
0.74848
0.73728
0.7310399999999999
0.74384
0.73072
0.7390399999999999
0.73472
0.7255999999999999
0.732
0.73584
0.7158399999999998
0.7384000000000001
0.7183999999999999
0.7076800000000001
0.7080000000000001
0.7352
0.7235199999999999
0.72896
0.72256
0.7108799999999998
0.71648
0.72448
0.70992
0.69616
0.7032
0.71632
0.7060799999999999
0.6992
0.7115199999999999
0.7096
0.7134400000000001
0.70304
0.7046399999999999
0.68896
0.6916800000000001
0.7024
0.6855999999999999
0.6731200000000002
0.67616
0.6728
0.66656
0.6712
0.6732799999999999
0.6768000000000001
0.6728
0.67456
0.68464
0.6584
0.6872
0.6814399999999999
0.6504
0.66
0.67328
0.67056
0.6632
0.6577599999999999
0.66576
0.65648
0.65984
0.64144
0.64944
0.6484800000000001
0.64096
0.64976
0.6592
0.63328
0.64496
0.6460799999999999
0.6300800000000001
0.64992
0.6505599999999999
0.64048
0.64144
0.6390399999999999
0.63472
0.6155200000000001
0.6164799999999999
0.6177600000000001
0.6344000000000001
0.6199999999999999
0.64016
0.6304
0.62752
0.6068800000000001
0.6144
0.62208
0.61664
0.61152
0.62384
0.59968
0.5987199999999999
0.59008
0.6088
0.61248
0.6060800000000001
0.6024
0.61376
0.60416
0.5784
0.5752
0.5912
0.6012800000000001
0.5764799999999999
0.5936
0.58848
0.6102400000000001
0.58784
0.5772799999999999
0.57216
0.58176
0.5819200000000001
0.56368
0.57968
0.5705600000000001
0.58944
0.5875199999999999
0.5862400000000001
0.5832
0.5809599999999999
0.57728
0.56864
0.5769599999999999
0.5532800000000001
0.5664
0.58224
0.54736
0.5783999999999999
0.5755199999999999
0.5513600000000001
0.5585600000000002
0.56384
0.55872
0.552
0.5603199999999999
0.5611200000000001
0.54048
0.5448
0.5424
0.54832
0.5353600000000001
0.54064
0.5662399999999999
0.55312
0.54176
0.54512
0.5456000000000001
0.52864
0.52944
0.54112
0.52576
0.52496
0.52512
0.5430400000000001
0.53088
0.53792
0.5408000000000001
0.53088
0.54816
0.53232
0.51856
0.52656
0.5302400000000002
0.5283199999999999
0.5276799999999999
0.51632
0.5249599999999999
0.53744
0.50832
0.51888
0.52368
0.5257600000000001
0.51856
0.51088
0.52752
0.52576
0.5163200000000001
0.51904
0.51056
0.51904
0.51504
0.5151999999999999
0.51904
0.5171199999999999
0.49759999999999993
0.51712
0.5001599999999999
0.49184
0.5024
0.5024
0.51712
0.49376
0.5041599999999999
0.50816
0.49456
0.51808
0.49216
0.49584
0.50224
0.50112
0.50848
0.5032
0.4862400000000001
0.49584
0.49264
0.48864
0.4964799999999999
0.49392
0.4936000000000001
0.4854400000000001
0.49424
0.49664
0.49391999999999997
0.5022399999999999
0.47551999999999994
0.4857600000000001
0.4854400000000001
0.47584
0.48335999999999996
0.49712000000000006
0.49344
0.48608
0.4878400000000001
0.48111999999999994
0.47775999999999996
0.4856
0.4828799999999999
0.47552000000000005
0.48512000000000005
0.46591999999999995
0.46720000000000006
0.47392
0.48448
0.4688
0.48512000000000005
0.47391999999999995
0.47312000000000004
0.46768
0.4888
0.4800000000000001
0.47584
0.48335999999999996
0.46207999999999994
0.47535999999999995
0.46543999999999996
0.46976000000000007
0.4664
0.47168
0.46288
0.46704
0.47007999999999994
0.4491199999999999
0.45712
0.45152000000000003
0.45600000000000007
0.4569599999999999
0.4651199999999999
0.46368
0.4668799999999999
0.4588799999999999
0.45856000000000013
0.4654400000000001
0.4611199999999999
0.45888
0.4542400000000001
0.46575999999999995
0.46735999999999994
0.45936000000000005
0.46176000000000006
0.4548799999999999
0.44688
0.45296000000000003
0.45056
0.44928
0.44896
0.44767999999999997
0.45200000000000007
0.45952000000000004
0.45519999999999994
0.44912
0.44016
0.45983999999999997
0.45424
0.45632
0.4531200000000001
0.44816
0.44896
0.44176000000000004
0.44912
0.44543999999999995
0.44864000000000015
0.42704
0.42960000000000004
0.44128
0.43104
0.43631999999999993
0.4433599999999999
0.4424
0.44800000000000006
0.4460800000000001
0.43792
0.44079999999999997
0.4558400000000001
0.43279999999999996
0.43504
0.43823999999999996
0.44448
0.43216
0.41888
0.4323199999999999
0.43183999999999995
0.44352
0.44160000000000005
0.43023999999999996
0.43552
0.42400000000000004
0.43456
0.4377599999999999
0.4312
0.42528
0.43552
0.42079999999999995
0.42352000000000006
0.41056
0.4217600000000001
0.41664
0.41568000000000005
0.42591999999999997
0.43600000000000005
0.4396799999999999
0.43583999999999995
0.41167999999999993
0.41600000000000004
0.42799999999999994
0.42864
0.4192
0.4192
0.4219200000000001
0.42224000000000006
0.42304
0.43184000000000006
0.41264
0.4152
0.42352000000000006
0.41856
0.40367999999999993
0.41487999999999997
0.4244800000000001
0.41808000000000006
0.4215999999999999
0.42383999999999994
0.42623999999999995
0.42991999999999997
0.42879999999999996
0.4164800000000001
0.41600000000000004
0.41264
0.41600000000000004
0.4152
0.42672
0.41663999999999995
0.4105599999999999
0.4192
0.40176000000000006
0.41312
0.41600000000000004
0.4174399999999999
0.40879999999999994
0.40800000000000003
0.4095999999999999
0.41999999999999993
0.4215999999999999
0.41407999999999995
0.41824000000000006
0.4104
0.41808000000000006
0.40656
0.40304
0.41328
0.39904000000000006
0.39712000000000003
0.41072
0.4032
0.3998399999999999
0.4008
0.40752
0.404
0.4024
0.40512
0.40623999999999993
0.4032
0.39807999999999993
0.40208000000000005
0.39424000000000003
0.39712000000000003
0.3952
0.39696000000000004
0.39568
0.39568000000000003
0.40191999999999994
0.4032
0.39343999999999996
0.39952
0.39327999999999996
0.39312
0.40496
0.38192
0.41215999999999997
0.38911999999999997
0.39583999999999997
0.38639999999999997
0.40128
0.40560000000000007
0.3905600000000001
0.38784
0.40064
0.40031999999999995
0.40256
0.39104
0.38512
0.40624000000000005
0.38768
0.39696000000000004
0.39072
0.39055999999999996
0.38367999999999997
0.38144000000000006
0.38224
0.38576
0.38864
0.39504
0.3968
0.38128
0.38128
0.38208
0.38304
0.37792000000000003
0.38144
0.37967999999999996
0.38624
0.3936
0.37568000000000007
0.37968
0.37936
0.3768
0.39759999999999995
0.39072
0.37776
0.38592
0.38608000000000003
0.37792
0.38208000000000003
0.37951999999999997
0.38016
0.38208000000000003
0.3752
0.37888
0.37168
0.376
0.38432
0.37007999999999996
0.37776000000000004
0.36768
0.3744
0.36735999999999996
0.38384
0.3752
0.38656
0.38864
0.38432000000000005
0.36608
0.36832000000000004
0.37648000000000004
0.37904
0.38128
0.36768
0.37248000000000003
0.37008
0.37488
0.38016
0.36496
0.372
0.36191999999999996
0.3672000000000001
0.3664
0.36863999999999997
0.3672000000000001
0.37023999999999996
0.3740800000000001
0.37551999999999996
0.35696
0.3728
0.36479999999999996
0.37312
0.36352
0.35456000000000004
0.3592000000000001
0.3601599999999999
0.36688
0.36048
0.36672000000000005
0.36511999999999994
0.36272000000000004
0.37072000000000005
0.37135999999999997
0.36639999999999995
0.35856
0.35568
0.36895999999999995
0.36335999999999996
0.35727999999999993
0.36688000000000004
0.36175999999999997
0.36496000000000006
0.3647999999999999
0.36688
0.36576
0.35024
0.3592
0.35584
0.36063999999999996
0.35296
0.35504
0.35744
0.372
0.35888000000000003
0.35424
0.36624
0.35039999999999993
0.34944
0.35888
0.35408
0.34528
0.34944
0.34959999999999997
0.3616
0.34272
0.34336
0.35696
0.35344000000000003
0.35744000000000004
0.36336
0.3504
0.36208
0.35568
0.35472
0.33824000000000004
0.35231999999999997
0.33808000000000005
0.34895999999999994
0.34784
0.35231999999999997
0.34
0.34848
0.34208
0.34624
0.3344
0.34703999999999996
0.34752
0.36432000000000003
0.34272
0.35312
0.35632
0.35872000000000004
0.3478399999999999
0.34623999999999994
0.35407999999999995
0.35007999999999995
0.34352000000000005
0.3408
0.34384
0.34624
0.32511999999999996
0.33712
0.33184
0.35248
0.34832
0.34512
0.33408
0.33999999999999997
0.34224
0.35168000000000005
0.33936
0.34463999999999995
0.34176
0.33024000000000003
0.32384
0.34639999999999993
0.33727999999999997
0.34016
0.34464
0.3343999999999999
0.33663999999999994
0.3384
0.34128
0.31904
0.33296000000000003
0.33536
0.32944
0.34639999999999993
0.3395200000000001
0.33616000000000007
0.34624
0.34048
0.34080000000000005
0.33663999999999994
0.33696
0.3374400000000001
0.33311999999999997
0.33199999999999996
0.3305600000000001
0.32848000000000005
0.34415999999999997
0.3275199999999999
0.34192000000000006
0.33599999999999997
0.32575999999999994
0.32848
0.30576
0.32863999999999993
0.33536
0.33311999999999997
0.33264000000000005
0.33487999999999996
0.32432000000000005
0.32352
0.33536
0.33648000000000006
0.32511999999999996
0.32608
0.31344
0.32287999999999994
0.33424
0.32608000000000004
0.33344
0.32448000000000005
0.34176
0.33136
0.33568000000000003
0.32048
0.33952000000000004
0.32848000000000005
0.3321599999999999
0.32272
0.32928
0.31968
0.32016
0.32511999999999996
0.33920000000000006
0.32752
0.33248
0.31504000000000004
0.32992
0.30912
0.3296
0.33663999999999994
0.32576
0.3224
0.31904
0.3184
0.32111999999999996
0.31584
0.31855999999999995
0.33008
0.31424
0.32272
0.32815999999999995
0.32367999999999997
0.3208
0.3112
0.32095999999999997
0.32511999999999996
0.31664
0.32048
0.32480000000000003
0.32352
0.32928
0.31296
0.31632
0.31792000000000004
0.30815999999999993
0.31648
0.32128
0.32080000000000003
0.32448
0.31296
0.31584
0.3232
0.30767999999999995
0.312
0.32576
0.30976000000000004
0.31248
0.31504
0.30448
0.31232000000000004
0.3056
0.32239999999999996
0.32336
0.31264000000000003
0.3096
0.31648
0.30191999999999997
0.29856
0.31008
0.31152
0.30896
0.31007999999999997
0.31744
0.30911999999999995
0.30896
0.31456
0.3019200000000001
0.30544000000000004
0.31343999999999994
0.3016
0.2928
0.3056
0.30735999999999997
0.29823999999999995
0.31135999999999997
0.29872
0.31120000000000003
0.30544
0.32127999999999995
0.30272
0.29888000000000003
0.30816
0.30512
0.30976
0.31135999999999997
0.304
0.31152
0.31040000000000006
0.30111999999999994
0.30352
0.30544
0.30224
0.29935999999999996
0.31072
0.30144000000000004
0.3112
0.29935999999999996
0.29776
0.32016
0.30784
0.30752
0.29776
0.2924800000000001
0.31040000000000006
0.30496
0.30863999999999997
0.30911999999999995
0.2937600000000001
0.30335999999999996
0.31344000000000005
0.30304
0.30416
0.29328000000000004
0.3184
0.30448
0.29392000000000007
0.30335999999999996
0.316
0.29488000000000003
0.29216000000000003
0.29264
0.30399999999999994
0.28832
0.30448
0.28752
0.3028799999999999
0.29712
0.30352
0.28656
0.29711999999999994
0.29424
0.29152
0.28992
0.29808
0.2904
0.29472000000000004
0.29344000000000003
0.30896
0.29872
0.28559999999999997
0.30607999999999996
0.29328
0.30096
0.30448
0.30016000000000004
0.28368000000000004
0.29968000000000006
0.29791999999999996
0.29823999999999995
0.29775999999999997
0.27984
0.28032
0.29599999999999993
0.29216000000000003
0.2832
0.28512
0.29328000000000004
0.29984
0.2912
0.3016
0.2864
0.28832
0.28224
0.30976000000000004
0.28544
0.29152000000000006
0.28944000000000003
0.28464
0.28576000000000007
0.28992
0.29136
0.30912
0.28944000000000003
0.29216000000000003
0.28496000000000005
0.27984000000000003
0.29056
0.30096
0.28656
0.28384000000000004
0.29567999999999994
0.28176
0.2870400000000001
0.28624
0.2835200000000001
0.29056
0.29344000000000003
0.2801600000000001
0.28192000000000006
0.29136
0.27440000000000003
0.27856000000000003
0.27536
0.28800000000000003
0.28752000000000005
0.28064000000000006
0.28352000000000005
0.2824
0.27616000000000007
0.29216000000000003
0.2944
0.28784
0.27792000000000006
0.27968000000000004
0.29087999999999997
0.27824
0.28864
0.28752
0.27856
0.28240000000000004
0.27536000000000005
0.27408
0.29184
0.28304
0.27312
0.28208
0.27216
0.29104
0.28128000000000003
0.28575999999999996
0.288
0.29104
0.27616000000000007
0.28912
0.28352000000000005
0.28400000000000003
0.276
0.27136000000000005
