-1.0
-1.0
-1.0
-1.0
-1.0
-1.0
-1.0
-1.0
-1.0
-1.0
-1.0
-1.0
-1.0
-1.0
-1.0
-1.0
-1.0
-1.0
-1.0
-1.0
-1.0
-1.0
-1.0
-1.0
-1.0
-1.0
-1.0
-1.0
-1.0
-1.0
-1.0
-1.0
-1.0
-1.0
-1.0
-1.0
-1.0
-1.0
-1.0
-1.0
-1.0
-1.0
-1.0
-1.0
-1.0
-1.0
-1.0
-1.0
-1.0
-1.0
-1.0
-1.0
-1.0
-1.0
-1.0
-1.0
-1.0
-1.0
-1.0
-1.0
-1.0
-1.0
-1.0
-1.0
-1.0
-1.0
-1.0
-1.0
-1.0
-1.0
-1.0
-1.0
-1.0
-1.0
-1.0
-1.0
-1.0
-1.0
-1.0
-1.0
-1.0
-1.0
-1.0
-1.0
-1.0
-1.0
-1.0
-1.0
-1.0
-1.0
-1.0
-1.0
-1.0
-1.0
-1.0
-1.0
-1.0
-1.0
-1.0
-1.0
-1.0
-1.0
-1.0
-1.0
-1.0
-1.0
-1.0
-1.0
-1.0
-1.0
-1.0
-1.0
-1.0
-1.0
-1.0
-1.0
-1.0
-1.0
-1.0
-1.0
-1.0
-1.0
-1.0
-1.0
-1.0
-1.0
-1.0
-1.0
-1.0
-1.0
-1.0
-1.0
-1.0
-1.0
-1.0
-1.0
-1.0
-1.0
-1.0
-1.0
-1.0
-1.0
-1.0
-1.0
-1.0
-1.0
-1.0
-1.0
-1.0
-1.0
-1.0
-1.0
-1.0
-1.0
-1.0
-1.0
-1.0
-1.0
-1.0
-1.0
-1.0
-1.0
-1.0
-1.0
-1.0
-1.0
-1.0
-1.0
-1.0
-1.0
-1.0
-1.0
-1.0
-1.0
-1.0
-1.0
-1.0
-1.0
-1.0
-1.0
-1.0
-1.0
-1.0
-1.0
-1.0
-1.0
-1.0
-1.0
-1.0
-1.0
-1.0
-1.0
-1.0
-1.0
-1.0
-1.0
-1.0
-1.0
-1.0
-1.0
-1.0
-1.0
-1.0
-1.0
-1.0
-1.0
-1.0
-1.0
-1.0
-1.0
-1.0
-1.0
-1.0
-1.0
-1.0
-1.0
-1.0
-1.0
-1.0
-1.0
-1.0
-1.0
-1.0
-1.0
-1.0
-1.0
-1.0
-1.0
-1.0
-1.0
-1.0
-1.0
-1.0
-1.0
-1.0
-1.0
-1.0
-1.0
-1.0
-1.0
-1.0
-1.0
-1.0
-1.0
-1.0
-1.0
-1.0
-1.0
-1.0
-1.0
-1.0
-1.0
-1.0
-1.0
-1.0
-1.0
-1.0
-1.0
-1.0
-1.0
-1.0
-1.0
-1.0
-1.0
-1.0
-1.0
-1.0
-1.0
-1.0
-1.0
-1.0
-1.0
-1.0
-1.0
-1.0
-1.0
-1.0
-1.0
-1.0
-1.0
-0.99992
-1.0
-1.0
-1.0
-1.0
-1.0
-1.0
-1.0
-1.0
-1.0
-1.0
-1.0
-1.0
-0.99992
-1.0
-1.0
-1.0
-1.0
-1.0
-1.0
-1.0
-1.0
-1.0
-1.0
-1.0
-1.0
-1.0
-1.0
-1.0
-1.0
-1.0
-1.0
-0.99992
-1.0
-1.0
-1.0
-0.99992
-0.99992
-1.0
-1.0
-1.0
-1.0
-1.0
-0.99992
-1.0
-1.0
-1.0
-1.0
-1.0
-1.0
-1.0
-1.0
-1.0
-1.0
-0.99992
-1.0
-1.0
-1.0
-1.0
-0.9998400000000001
-1.0
-1.0
-1.0
-0.9998400000000001
-1.0
-1.0
-1.0
-1.0
-1.0
-1.0
-1.0
-1.0
-1.0
-1.0
-1.0
-1.0
-1.0
-1.0
-1.0
-1.0
-1.0
-0.99992
-1.0
-1.0
-0.99992
-1.0
-1.0
-1.0
-0.99992
-1.0
-0.99992
-1.0
-1.0
-1.0
-1.0
-0.9998400000000001
-0.99992
-1.0
-1.0
-0.99992
-1.0
-0.99992
-0.99992
-0.99992
-0.99992
-0.99992
-1.0
-1.0
-0.99976
-1.0
-0.9998400000000001
-0.99992
-1.0
-0.99992
-1.0
-1.0
-0.99992
-1.0
-0.99992
-1.0
-0.99992
-0.99992
-0.9998400000000001
-0.9998400000000001
-0.99992
-1.0
-1.0
-0.99992
-1.0
-0.99992
-0.9998400000000001
-0.9998400000000001
-0.99992
-0.99992
-0.99992
-0.9998400000000001
-0.9998400000000001
-0.9998400000000001
-0.99992
-0.9998400000000001
-0.99992
-0.9998400000000001
-1.0
-0.99968
-0.99976
-0.99992
-0.99992
-0.99992
-0.99992
-0.99992
-0.99968
-0.9998400000000001
-0.99992
-0.99976
-1.0
-0.9994400000000001
-0.9996
-0.99976
-0.99968
-0.9996
-0.99992
-0.99968
-0.9992800000000001
-0.9998400000000001
-0.99976
-0.99976
-0.9996
-1.0
-0.99968
-1.0
-0.99976
-0.99936
-0.9996
-0.99968
-0.9994400000000001
-0.9996
-0.9995199999999999
-0.99968
-0.9995200000000001
-0.99968
-0.99976
-0.99968
-0.99976
-0.99968
-0.9996
-0.9995200000000001
-0.99976
-0.9995200000000001
-0.99976
-0.9995200000000001
-0.99976
-0.99968
-0.9998400000000001
-0.99976
-0.9995200000000001
-0.9995200000000001
-0.9996
-0.9994400000000001
-0.9994400000000001
-0.9995200000000001
-0.99936
-0.9995200000000001
-0.9998400000000001
-0.9994400000000001
-0.9996
-0.9991199999999999
-0.99936
-0.9995200000000001
-0.9998400000000001
-0.9991999999999999
-0.99936
-0.9996
-0.9996
-0.9994400000000001
-0.99936
-0.9992800000000001
-0.9992800000000001
-0.99936
-0.9992000000000001
-0.99936
-0.99936
-0.9992000000000001
-0.9990400000000002
-0.9993599999999999
-0.99848
-0.9994400000000001
-0.9994400000000001
-0.9992000000000001
-0.99864
-0.9992800000000001
-0.9992000000000001
-0.9994400000000001
-0.9987199999999999
-0.9991999999999999
-0.99896
-0.9992000000000001
-0.99896
-0.9994400000000001
-0.99888
-0.9987200000000002
-0.9994400000000001
-0.99896
-0.9991200000000001
-0.99888
-0.9991999999999999
-0.998
-0.9996
-0.9990399999999999
-0.99848
-0.99832
-0.9988000000000001
-0.99824
-0.99888
-0.9987199999999999
-0.9987199999999999
-0.9989600000000001
-0.99848
-0.99864
-0.9992800000000001
-0.9981600000000002
-0.99888
-0.9987199999999999
-0.99864
-0.9987200000000002
-0.9987199999999999
-0.9988000000000001
-0.99856
-0.99888
-0.99848
-0.99816
-0.99888
-0.9980800000000001
-0.9984
-0.99792
-0.99848
-0.9987200000000002
-0.9987199999999999
-0.9980800000000001
-0.99864
-0.9987199999999999
-0.9977600000000001
-0.998
-0.998
-0.9976
-0.998
-0.9976800000000001
-0.9970400000000001
-0.9977600000000001
-0.9976
-0.9972000000000001
-0.9972000000000001
-0.998
-0.9976
-0.9984
-0.9978400000000001
-0.9973600000000001
-0.998
-0.9976
-0.9976800000000001
-0.9980800000000001
-0.9977600000000001
-0.9972000000000001
-0.9974400000000001
-0.9975200000000001
-0.9974400000000001
-0.9976800000000001
-0.9976
-0.99792
-0.99688
-0.9967200000000002
-0.9963200000000001
-0.9978400000000001
-0.9972
-0.9975200000000001
-0.9968
-0.9971200000000001
-0.9980800000000001
-0.9972800000000002
-0.99656
-0.9974400000000001
-0.9970399999999999
-0.9965600000000002
-0.9972799999999999
-0.99712
-0.9972
-0.9972800000000002
-0.9960800000000001
-0.9976
-0.99656
-0.9964000000000001
-0.99544
-0.9976
-0.9956799999999999
-0.99664
-0.99648
-0.9960000000000001
-0.99648
-0.9964000000000001
-0.9972800000000002
-0.99648
-0.9971200000000001
-0.99672
-0.9960799999999999
-0.9976800000000001
-0.9960800000000001
-0.9967200000000002
-0.9960000000000001
-0.9963200000000001
-0.99544
-0.99664
-0.9962400000000002
-0.99488
-0.9954400000000001
-0.9952
-0.99576
-0.9941599999999999
-0.9959200000000002
-0.9944
-0.99576
-0.9952800000000002
-0.99624
-0.9964000000000001
-0.99512
-0.9944000000000001
-0.9953600000000001
-0.9956800000000001
-0.9959199999999999
-0.99504
-0.9944000000000001
-0.9943199999999999
-0.99616
-0.99312
-0.9952799999999999
-0.9955200000000002
-0.994
-0.99512
-0.9952800000000002
-0.99408
-0.9957600000000001
-0.994
-0.9944799999999999
-0.99536
-0.99304
-0.99384
-0.99472
-0.9959200000000001
-0.9944000000000001
-0.9919200000000001
-0.9929600000000001
-0.99344
-0.9941600000000002
-0.9927199999999999
-0.99336
-0.99384
-0.9952000000000002
-0.9915999999999998
-0.9933599999999998
-0.99336
-0.9923200000000001
-0.9924000000000002
-0.99328
-0.9929600000000001
-0.99136
-0.9928000000000002
-0.9929600000000001
-0.99408
-0.99224
-0.9911199999999999
-0.9931199999999999
-0.99384
-0.9913599999999999
-0.99168
-0.9927199999999999
-0.99384
-0.9924000000000002
-0.9926400000000001
-0.9913599999999999
-0.9901599999999998
-0.992
-0.9908800000000001
-0.9915199999999998
-0.99024
-0.99224
-0.99056
-0.9907200000000002
-0.99
-0.9907199999999999
-0.99088
-0.98952
-0.9912799999999999
-0.98992
-0.9904
-0.9906400000000002
-0.9897599999999999
-0.99
-0.9913599999999999
-0.99
-0.9889600000000002
-0.9896799999999999
-0.99064
-0.9911199999999999
-0.9894399999999999
-0.9896
-0.9872
-0.9913599999999999
-0.9879999999999999
-0.9896
-0.9880000000000001
-0.98952
-0.9872
-0.9868
-0.9908800000000001
-0.9865600000000001
-0.9867999999999999
-0.9896800000000002
-0.9880800000000001
-0.9879999999999999
-0.98712
-0.99024
-0.9889599999999998
-0.9849599999999998
-0.98816
-0.9857599999999997
-0.9864800000000002
-0.9879999999999999
-0.98872
-0.9869600000000001
-0.9846400000000001
-0.9875999999999999
-0.98824
-0.9861599999999999
-0.9848800000000001
-0.9852000000000001
-0.9846400000000001
-0.9865599999999999
-0.9847199999999999
-0.9882399999999999
-0.98552
-0.98576
-0.9892799999999999
-0.9836
-0.98544
-0.9813600000000001
-0.98408
-0.9831999999999999
-0.9872799999999999
-0.98408
-0.98432
-0.9839200000000001
-0.9833599999999999
-0.9851199999999999
-0.98528
-0.98296
-0.9828000000000001
-0.9830399999999999
-0.982
-0.9846400000000001
-0.9816
-0.9817600000000001
-0.98512
-0.98328
-0.98568
-0.9845599999999999
-0.98256
-0.9823999999999999
-0.9820800000000001
-0.9800000000000001
-0.98288
-0.9796800000000001
-0.9828000000000001
-0.9811999999999997
-0.984
-0.97776
-0.9794400000000001
-0.9827200000000001
-0.982
-0.9813600000000001
-0.98184
-0.9782400000000001
-0.9795999999999999
-0.9796799999999999
-0.9778399999999999
-0.97728
-0.9816800000000001
-0.9804
-0.97848
-0.98056
-0.9776000000000001
-0.9792800000000002
-0.9803999999999998
-0.97712
-0.9785599999999999
-0.9781600000000001
-0.97632
-0.97728
-0.9777600000000002
-0.98112
-0.9795999999999999
-0.9762400000000001
-0.9773600000000002
-0.9766400000000001
-0.9740800000000001
-0.97584
-0.97448
-0.9736799999999999
-0.9753599999999999
-0.9748000000000001
-0.9754400000000001
-0.9733600000000001
-0.9763200000000001
-0.9724799999999998
-0.9737600000000001
-0.97424
-0.97416
-0.97224
-0.97216
-0.97272
-0.976
-0.9712000000000002
-0.9726399999999998
-0.97496
-0.97312
-0.9704799999999999
-0.9702400000000001
-0.9704
-0.97208
-0.9722399999999999
-0.9696799999999998
-0.9709600000000002
-0.9695199999999999
-0.9667199999999999
-0.9676800000000002
-0.97048
-0.9740800000000001
-0.9699200000000001
-0.9696
-0.96968
-0.9691199999999999
-0.9705600000000001
-0.9688799999999999
-0.9657600000000001
-0.96872
-0.9673599999999999
-0.96616
-0.96552
-0.96792
-0.96608
-0.9687199999999999
-0.96472
-0.9667199999999999
-0.9668800000000001
-0.96416
-0.96312
-0.9668800000000001
-0.95976
-0.9649599999999999
-0.9686400000000001
-0.9623999999999999
-0.9568000000000001
-0.9644
-0.9674399999999999
-0.96624
-0.96144
-0.9643999999999998
-0.9632799999999999
-0.96344
-0.9585600000000001
-0.9610399999999999
-0.9616
-0.9608800000000001
-0.96264
-0.9532
-0.9586400000000002
-0.96408
-0.9600799999999999
-0.9579999999999999
-0.9583999999999999
-0.9596000000000002
-0.95576
-0.95712
-0.95992
-0.9506400000000002
-0.95448
-0.9535199999999999
-0.9567200000000001
-0.9558399999999997
-0.9577599999999998
-0.9563200000000001
-0.95344
-0.9577600000000001
-0.95096
-0.9574400000000001
-0.9505600000000001
-0.95648
-0.9503199999999999
-0.95096
-0.9551999999999999
-0.9524000000000001
-0.9507999999999999
-0.9506400000000002
-0.9484
-0.9479999999999998
-0.9524799999999999
-0.9515199999999998
-0.9452
-0.9459200000000001
-0.9510400000000001
-0.9493600000000001
-0.9501600000000001
-0.95024
-0.9486400000000001
-0.94816
-0.9465600000000001
-0.9494400000000001
-0.9416
-0.9387200000000002
-0.9418399999999998
-0.942
-0.9424000000000001
-0.9423199999999999
-0.94248
-0.9392800000000001
-0.94368
-0.9411200000000001
-0.9343199999999999
-0.9371200000000002
-0.9394399999999999
-0.9448000000000001
-0.9314399999999999
-0.94192
-0.93592
-0.9443999999999999
-0.94288
-0.9400000000000001
-0.93352
-0.9367199999999999
-0.9400000000000001
-0.93728
-0.9382400000000001
-0.9316000000000001
-0.9351999999999998
-0.93528
-0.93392
-0.9231199999999999
-0.9316000000000001
-0.92544
-0.9359999999999999
-0.92736
-0.9296
-0.9280799999999999
-0.9345600000000001
-0.93032
-0.9330400000000001
-0.93272
-0.9243999999999998
-0.91784
-0.91848
-0.9244800000000002
-0.9151199999999999
-0.91464
-0.92624
-0.9203999999999999
-0.92512
-0.91936
-0.93008
-0.9136000000000001
-0.9148799999999999
-0.91464
-0.91616
-0.91224
-0.9172
-0.9151199999999999
-0.9163999999999998
-0.90672
-0.91752
-0.9173600000000001
-0.9172
-0.9259999999999999
-0.9058400000000001
-0.92072
-0.91272
-0.9188799999999999
-0.90568
-0.90648
-0.90288
-0.91264
-0.9136799999999999
-0.91464
-0.90744
-0.9071200000000001
-0.9133600000000002
-0.8952000000000002
-0.9088800000000001
-0.8964000000000001
-0.90504
-0.89904
-0.8931999999999999
-0.8982400000000001
-0.9055200000000001
-0.88872
-0.8892800000000001
-0.89064
-0.8995999999999998
-0.8859199999999999
-0.8896799999999999
-0.8863999999999999
-0.8994399999999999
-0.8828800000000001
-0.8927200000000001
-0.8927999999999999
-0.88472
-0.89136
-0.8880000000000001
-0.8894400000000001
-0.8872800000000002
-0.8814399999999999
-0.8932000000000002
-0.8783199999999999
-0.88264
-0.87928
-0.86744
-0.8830399999999999
-0.8787200000000001
-0.8873599999999999
-0.8793600000000001
-0.87184
-0.8843200000000001
-0.8657600000000001
-0.87432
-0.8798400000000001
-0.8812800000000001
-0.8632
-0.8684
-0.8788
-0.87088
-0.8554400000000001
-0.8604800000000001
-0.87248
-0.86288
-0.86008
-0.8720800000000001
-0.8569599999999999
-0.85152
-0.858
-0.8560000000000001
-0.8597599999999999
-0.84192
-0.8596000000000001
-0.84832
-0.84856
-0.8481599999999998
-0.84512
-0.8488
-0.8401599999999998
-0.82792
-0.8571199999999999
-0.83712
-0.8165600000000002
-0.8506400000000003
-0.8603999999999999
-0.81328
-0.83392
-0.8496
-0.83048
-0.8343999999999999
-0.7987200000000001
-0.8404
-0.8254399999999998
-0.8128
-0.8204
-0.83112
-0.8236000000000001
-0.80088
-0.8171999999999999
-0.81944
-0.81096
-0.8247199999999998
-0.79976
-0.80992
-0.78568
-0.8153600000000001
-0.8222400000000001
-0.8196
-0.79744
-0.8128
-0.7942400000000001
-0.7903999999999999
-0.79728
-0.80824
-0.7872
-0.7847200000000001
-0.77656
-0.76592
-0.8065599999999999
-0.7572000000000001
-0.7893600000000002
-0.7984799999999999
-0.7824
-0.7356
-0.7899999999999999
-0.77544
-0.75512
-0.73064
-0.77016
-0.75648
-0.7745600000000001
-0.73216
-0.77296
-0.74784
-0.7428
-0.7246399999999998
-0.7615200000000001
-0.72016
-0.7394399999999999
-0.73976
-0.71248
-0.72888
-0.70288
-0.71296
-0.7388
-0.71392
-0.69248
-0.69
-0.7421599999999999
-0.73
-0.7371200000000001
-0.7108799999999998
-0.6824000000000001
-0.7329600000000001
-0.7180799999999999
-0.6943199999999999
-0.6564
-0.6925600000000001
-0.68736
-0.7154400000000001
-0.69072
-0.68728
-0.7057599999999999
-0.69304
-0.66544
-0.68568
-0.6492799999999999
-0.64808
-0.67208
-0.65072
-0.61632
-0.6524800000000001
-0.6214400000000001
-0.6165599999999999
-0.5900799999999999
-0.59504
-0.63912
-0.63576
-0.61936
-0.66912
-0.5296000000000001
-0.6431200000000001
-0.6332800000000001
-0.55624
-0.59856
-0.61616
-0.56168
-0.62768
-0.53984
-0.6065600000000001
-0.59936
-0.55896
-0.54216
-0.5764
-0.5924799999999999
-0.57216
-0.5689599999999999
-0.57936
-0.53024
-0.57696
-0.56016
-0.5404
-0.5782399999999999
-0.56768
-0.5224
-0.52168
-0.54232
-0.51032
-0.46871999999999997
-0.45671999999999996
-0.46128
-0.53072
-0.4879199999999999
-0.51544
-0.52336
-0.5116
-0.42952
-0.4856000000000001
-0.49976000000000004
-0.4611199999999999
-0.40592000000000006
-0.46943999999999997
-0.36896000000000007
-0.45544
-0.39376
-0.4691199999999999
-0.5044
-0.42408
-0.42696000000000006
-0.46471999999999997
-0.42792
-0.36648000000000003
-0.30407999999999996
-0.43264
-0.4071999999999999
-0.32096
-0.41904
-0.4143199999999999
-0.42752
-0.35968
-0.33999999999999997
-0.30664
-0.41079999999999994
-0.36336
-0.34208
-0.3752
-0.37416
-0.35392
-0.39552
-0.41696
-0.37168
-0.38071999999999995
-0.39807999999999993
-0.36224
-0.38456
-0.30896
-0.35432
-0.40784000000000004
-0.30816
-0.34056
-0.32944000000000007
-0.31448
-0.27904000000000007
-0.32752000000000003
-0.31144000000000005
-0.28776
-0.34608
-0.27816
-0.29808
-0.23840000000000003
-0.28503999999999996
-0.2484
-0.30872
-0.28951999999999994
-0.2526400000000001
-0.288
-0.25904
-0.25623999999999997
-0.24816
-0.23168000000000002
-0.22896
-0.25056
-0.22656
-0.26176
-0.21119999999999997
-0.27008
-0.22279999999999997
-0.28184
-0.24047999999999997
-0.23224
-0.22207999999999997
-0.22832000000000002
-0.17528000000000002
-0.21888000000000005
-0.2272
-0.22544
-0.21583999999999998
-0.17736000000000002
-0.21680000000000002
-0.19592000000000004
-0.17384
-0.18392
-0.22152
-0.18904
-0.14679999999999999
-0.20288
-0.07383999999999999
-0.19783999999999996
-0.18408000000000002
-0.14584
-0.13919999999999996
-0.18760000000000002
-0.21103999999999998
-0.21712000000000004
-0.11088
-0.18792
-0.13264
-0.15960000000000002
-0.1772
-0.15527999999999997
-0.19288
-0.16576000000000002
-0.10696000000000001
-0.11256
-0.15224000000000001
-0.17479999999999998
-0.15456000000000003
-0.18072
-0.12352
-0.11968000000000001
-0.14736000000000002
-0.14423999999999998
-0.1068
-0.12808
-0.10376
-0.10447999999999999
-0.08664000000000001
-0.12223999999999999
-0.07248000000000002
-0.10712000000000002
-0.1568
-0.0824
-0.11696
-0.058640000000000005
-0.12431999999999999
-0.09416
-0.08792
-0.06488
-0.11535999999999999
-0.06576
-0.10232000000000001
-0.08048
-0.08807999999999999
-0.07304
-0.16768
-0.09311999999999998
-0.10672000000000001
-0.050960000000000005
-0.09111999999999999
-0.06399999999999999
-0.009039999999999998
-0.07103999999999999
-0.0424
-0.08808
-0.13208
-0.08256
-0.0316
-0.08808
-0.04104
-0.04736
-0.0752
-0.08560000000000001
-0.10295999999999998
-0.0524
-0.04272
-0.04624
-0.05448000000000001
-0.06096
-0.012559999999999998
-0.08416
-0.0256
-0.05656
-0.06815999999999998
-0.062160000000000014
-0.027680000000000003
-0.012800000000000002
-0.037680000000000005
-0.06911999999999999
-0.09272
-0.08303999999999999
-0.07736
-0.06720000000000001
0.0012800000000000012
0.012640000000000002
-0.021840000000000005
-0.05024000000000001
0.0043199999999999975
-0.023920000000000004
-0.006160000000000001
-0.019840000000000003
-0.03951999999999999
-0.04256000000000001
-0.040959999999999996
-0.006
-0.09015999999999999
-0.012
-0.043359999999999996
0.013120000000000003
-0.06464
-0.05048000000000001
-0.04184
-0.0784
-0.022880000000000005
0.0042399999999999955
-0.02888
-0.01
-0.020159999999999997
-0.019680000000000003
-0.022160000000000003
-0.01512
-0.023920000000000004
-0.013919999999999998
-0.00048000000000000126
-0.03391999999999999
0.011439999999999999
-0.04632
-0.04408
0.001599999999999998
-0.04376
-0.011120000000000001
-0.072
-0.030320000000000003
-0.036879999999999996
0.012159999999999999
0.030479999999999997
0.013439999999999999
0.012399999999999998
-0.006240000000000001
-0.02272
-0.013199999999999998
-0.000320000000000005
-0.04111999999999999
-0.030080000000000003
0.01688
-0.009439999999999997
-0.058719999999999994
-0.03168
-0.018000000000000006
0.004320000000000002
0.034960000000000005
-0.01704
-0.0009600000000000019
-0.02408
-0.0156
0.008
-0.0168
0.02536
0.006959999999999999
-0.030320000000000003
-0.0007999999999999993
-0.005840000000000002
-0.05144
-0.018560000000000004
-0.001039999999999998
0.04544000000000001
-0.004879999999999998
-0.05976
-0.012559999999999997
-0.02368
0.006080000000000001
0.035199999999999995
-0.0528
-0.04272
-0.04392
-0.02256
-0.0032799999999999995
0.00928
-0.01168
-0.01608
0.004880000000000001
0.0038400000000000053
-0.01656
-0.028720000000000002
-0.014400000000000001
0.04712000000000001
0.014720000000000002
-0.0468
-0.012960000000000003
-0.00504
0.018879999999999997
0.04511999999999999
0.015360000000000002
-0.005120000000000004
-0.0248
-0.0156
-0.05184000000000001
-0.013440000000000002
-0.04048
0.0007199999999999984
0.012879999999999997
-0.02432
0.0057599999999999995
0.001999999999999999
0.02712
0.004799999999999997
0.02336
-0.01568
-0.01616
-0.005360000000000002
0.0156
-0.009600000000000001
-0.01688
0.011280000000000004
-0.01936
-0.02616
-0.018879999999999997
0.0124
-0.01664
0.009920000000000002
-0.03064
0.008879999999999999
-0.00224
0.006560000000000002
-0.023839999999999997
0.020399999999999995
0.008879999999999999
-0.0028
0.0040799999999999986
0.0060799999999999995
0.004960000000000002
0.025439999999999997
0.0312
0.01608
0.028320000000000005
-0.009199999999999998
-0.03752
0.0184
-0.040959999999999996
-0.0010399999999999993
0.0021599999999999966
0.011760000000000001
-0.007760000000000001
0.034800000000000005
-0.015839999999999993
0.010319999999999992
0.00952
0.01672
0.01072
0.01376
-0.0028799999999999993
-0.001440000000000001
0.0050399999999999985
-0.013919999999999998
0.00648
-0.039599999999999996
-0.024319999999999998
-0.016799999999999995
-0.01584
0.014799999999999999
0.01632
-0.01
-0.00928
0.0003999999999999976
-0.02208
0.026639999999999997
-0.01008
0.02048
-0.02536
0.013519999999999999
0.0068000000000000005
0.009280000000000002
-0.011519999999999997
0.0224
-0.02864
0.030800000000000004
0.03344
0.0084
-0.01048
0.002320000000000001
0.008720000000000002
0.008560000000000002
0.0030399999999999997
-0.0012799999999999995
-0.00015999999999999904
-0.0068000000000000005
0.0042400000000000024
0.021040000000000003
0.00392
0.012879999999999999
0.0037600000000000008
-0.01456
0.009760000000000001
0.017359999999999997
-0.01184
-0.00816
-0.001040000000000001
-0.0056
-0.031999999999999994
0.024159999999999994
-0.0256
0.011919999999999997
-0.03784
-0.011920000000000005
0.004239999999999999
-0.017039999999999993
0.00544
-0.01416
0.039760000000000004
0.04143999999999999
-0.0007200000000000012
0.00704
0.018480000000000003
0.00888
-0.027039999999999998
0.00776
-0.016720000000000002
0.0007200000000000012
-0.004639999999999999
0.011519999999999999
0.02496
-0.00472
0.00688
-0.05424000000000001
-0.00023999999999999976
-0.008560000000000002
0.01336
-0.01424
-0.00896
-0.0008799999999999974
-0.00712
0.026799999999999997
0.00912
-0.00624
-0.0008799999999999995
-0.014959999999999996
-0.0034399999999999995
-0.012559999999999998
-0.008560000000000002
0.0108
-0.024480000000000002
0.018079999999999995
0.013999999999999999
-0.00832
-0.00688
0.01832
0.02472
-0.007999999999999997
-0.01824
-0.008480000000000001
-0.02024
0.017120000000000003
0.008560000000000002
-0.0035199999999999997
0.018959999999999998
0.01296
0.009519999999999999
0.030559999999999997
-0.009200000000000002
-0.023600000000000003
0.0015999999999999986
-0.028080000000000004
0.022160000000000003
0.01008
-0.02728
-0.00472
0.02248
0.02912
0.0384
8.00000000000009e-5
0.01472
0.007119999999999997
-0.008560000000000002
-0.00544
-0.03224
0.011359999999999999
-0.00744
0.020720000000000006
0.004960000000000001
-0.00256
0.0076
-0.001840000000000002
0.02744
-0.02904
0.0128
-0.009200000000000002
0.005919999999999999
-0.018400000000000003
0.003120000000000001
-0.01904
-0.03807999999999999
-0.008479999999999998
0.01784
0.010240000000000003
0.01624
-0.0024000000000000007
-0.016959999999999996
-0.01376
0.02024
-0.0092
0.011760000000000001
0.0016800000000000022
-0.012239999999999997
-0.03784
0.009680000000000001
-0.015040000000000003
-0.00616
0.005839999999999998
-0.014320000000000003
0.03
0.00888
0.004880000000000001
0.009439999999999999
0.011040000000000001
-0.010400000000000001
0.01096
-0.017679999999999998
0.002639999999999999
-0.01216
0.01376
0.008879999999999996
0.038239999999999996
-0.007679999999999999
-0.0015199999999999999
0.00448
0.009680000000000003
0.011439999999999999
-0.0324
-0.007679999999999999
-0.00216
-0.013280000000000004
0.00736
-0.008720000000000002
-0.01024
-0.023360000000000002
0.0061600000000000005
0.009199999999999998
-0.006399999999999999
0.0244
0.006799999999999999
0.03408
-0.00824
-0.01808
-0.001759999999999999
-0.004879999999999999
0.03368
-0.006319999999999997
-0.012879999999999997
0.00048000000000000055
0.014480000000000002
-0.004960000000000001
-0.02712
0.008559999999999998
0.02608
-0.005679999999999999
0.016079999999999994
-0.01608
0.010959999999999998
-0.02136
-0.011759999999999998
0.016800000000000002
-0.017519999999999997
0.01976
-0.006320000000000001
0.008799999999999999
-0.02696
0.005600000000000001
0.01136
0.006240000000000002
-0.008319999999999998
0.0132
0.017599999999999998
0.022
0.020000000000000004
-0.02232
-0.012879999999999999
-0.0014399999999999997
-0.00015999999999999833
0.019760000000000003
-0.006320000000000001
0.006799999999999998
-0.01088
0.026479999999999997
-0.0076
-0.003199999999999997
-0.006560000000000002
0.017200000000000003
0.010400000000000001
0.017679999999999998
0.02464
-0.013680000000000001
-0.00488
-0.012159999999999999
-0.0017600000000000011
0.01024
0.0015199999999999992
0.0008800000000000002
0.011519999999999999
-0.0057599999999999995
-0.0004799999999999985
0.008159999999999999
-0.01168
-0.022719999999999997
0.002639999999999999
-0.0172
0.00784
0.033920000000000006
-0.0064
-0.00848
-0.006479999999999997
-0.0015999999999999994
-0.01176
-0.020480000000000005
0.0057599999999999995
-0.022399999999999996
-0.010400000000000001
0.02104
0.01384
-0.01016
-0.011600000000000003
0.009600000000000001
0.016
0.013279999999999997
0.0008000000000000007
0.00024000000000000166
0.007999999999999998
0.0026399999999999987
-0.013919999999999998
0.01992
0.024640000000000002
-0.01416
-0.0236
-0.03024
-0.021120000000000003
0.013519999999999999
-0.00232
-0.0011200000000000001
0.0016000000000000007
0.024399999999999998
0.009760000000000001
0.0196
0.0009599999999999997
-0.016800000000000002
0.004640000000000002
0.0003200000000000005
-0.014960000000000001
-0.018
0.036239999999999994
-0.007760000000000001
0.0011999999999999992
0.02344
0.01184
0.028560000000000002
-0.0172
0.007440000000000002
0.020160000000000004
0.02392
-0.01552
-0.0028799999999999997
-0.010960000000000001
-0.005599999999999999
0.02632
-0.0012000000000000008
-0.005360000000000001
-0.013120000000000001
0.02136
-0.02672
0.00784
0.00368
-0.013039999999999996
-0.008559999999999998
-0.0010400000000000006
-0.01216
-0.007599999999999997
-0.013599999999999998
-0.02752
0.024960000000000003
-0.02024
0.007039999999999999
0.02712
0.00712
-0.0124
0.015040000000000001
-0.005679999999999999
0.0152
0.0035999999999999977
0.012639999999999998
0.010799999999999999
0.010320000000000001
0.015919999999999997
-0.02288
-0.00296
0.02816
0.015199999999999997
0.00912
-0.01776
0.014480000000000002
0.01616
-0.011279999999999998
-0.013439999999999999
-0.01
0.018400000000000003
-0.001440000000000001
0.0015999999999999994
0.0035199999999999997
-0.013679999999999998
-0.013519999999999999
0.0010399999999999993
-0.007680000000000001
0.017519999999999997
0.02672
0.00304
-0.012320000000000001
-0.011999999999999999
0.013839999999999996
0.01512
-0.007200000000000001
-0.003360000000000001
0.004560000000000001
0.008720000000000002
0.025759999999999998
-0.000399999999999999
-0.022640000000000004
-0.0216
-0.00944
-0.0033599999999999993
-0.002
0.014079999999999999
-0.0022399999999999994
0.01608
0.0007199999999999998
0.0031200000000000004
0.01136
-0.00464
0.005600000000000001
-0.007999999999999998
0.027120000000000005
0.013600000000000001
-0.008480000000000001
-0.013759999999999998
0.0
-0.006399999999999998
-0.00704
0.007920000000000002
-0.0009600000000000002
-0.021759999999999998
-0.00432
-0.003119999999999999
-0.0036800000000000014
0.0010399999999999986
0.00592
-0.013120000000000003
0.016959999999999996
-0.00224
-0.0026399999999999987
0.00032000000000000013
0.0040799999999999986
-0.0024000000000000002
0.0007999999999999998
0.0037600000000000003
-0.015280000000000002
-0.007599999999999998
0.0030399999999999997
-0.01208
0.01592
-0.001920000000000001
-0.0022400000000000002
0.00528
0.0304
-0.003999999999999999
-0.008080000000000002
0.00664
0.0011199999999999988
-0.00040000000000000034
-0.01752
0.0067199999999999985
0.022799999999999997
-0.006239999999999999
-0.012879999999999997
-0.01336
-0.02768
0.008960000000000001
0.01648
0.0015200000000000012
0.01112
-0.0132
0.0108
0.0028000000000000004
-0.00544
-0.009760000000000001
-0.00015999999999999904
-0.005119999999999999
0.007119999999999999
0.007679999999999999
0.02672
0.01136
-0.01704
0.02432
-0.007200000000000001
-0.01008
-0.00976
-0.00664
-0.0061600000000000005
0.0075200000000000015
0.017359999999999997
-0.0084
-0.0024000000000000002
