-2500.0
-2500.0
-2500.0
-2500.0
-2500.0
-2500.0
-2500.0
-2500.0
-2500.0
-2500.0
-2500.0
-2500.0
-2500.0
-2500.0
-2500.0
-2500.0
-2500.0
-2500.0
-2500.0
-2500.0
-2500.0
-2500.0
-2500.0
-2500.0
-2500.0
-2500.0
-2500.0
-2500.0
-2500.0
-2500.0
-2500.0
-2500.0
-2500.0
-2500.0
-2500.0
-2500.0
-2500.0
-2500.0
-2500.0
-2500.0
-2500.0
-2500.0
-2500.0
-2500.0
-2500.0
-2500.0
-2500.0
-2500.0
-2500.0
-2500.0
-2500.0
-2500.0
-2500.0
-2500.0
-2500.0
-2500.0
-2500.0
-2500.0
-2500.0
-2500.0
-2500.0
-2500.0
-2500.0
-2500.0
-2500.0
-2500.0
-2500.0
-2500.0
-2500.0
-2500.0
-2500.0
-2500.0
-2500.0
-2500.0
-2500.0
-2500.0
-2500.0
-2500.0
-2500.0
-2500.0
-2500.0
-2500.0
-2500.0
-2500.0
-2500.0
-2500.0
-2500.0
-2500.0
-2500.0
-2500.0
-2500.0
-2500.0
-2500.0
-2500.0
-2500.0
-2500.0
-2500.0
-2500.0
-2500.0
-2500.0
-2500.0
-2500.0
-2500.0
-2500.0
-2500.0
-2500.0
-2500.0
-2500.0
-2500.0
-2500.0
-2500.0
-2500.0
-2500.0
-2500.0
-2500.0
-2500.0
-2500.0
-2500.0
-2500.0
-2500.0
-2500.0
-2500.0
-2500.0
-2500.0
-2500.0
-2500.0
-2500.0
-2500.0
-2500.0
-2500.0
-2500.0
-2500.0
-2500.0
-2500.0
-2500.0
-2500.0
-2500.0
-2500.0
-2500.0
-2500.0
-2500.0
-2500.0
-2500.0
-2500.0
-2500.0
-2500.0
-2500.0
-2500.0
-2500.0
-2500.0
-2500.0
-2500.0
-2500.0
-2500.0
-2500.0
-2500.0
-2500.0
-2500.0
-2500.0
-2500.0
-2500.0
-2500.0
-2500.0
-2500.0
-2500.0
-2500.0
-2500.0
-2500.0
-2500.0
-2500.0
-2500.0
-2500.0
-2500.0
-2500.0
-2500.0
-2500.0
-2500.0
-2500.0
-2500.0
-2500.0
-2500.0
-2500.0
-2500.0
-2500.0
-2500.0
-2500.0
-2500.0
-2500.0
-2500.0
-2500.0
-2500.0
-2500.0
-2500.0
-2500.0
-2500.0
-2500.0
-2500.0
-2500.0
-2500.0
-2500.0
-2500.0
-2500.0
-2500.0
-2500.0
-2500.0
-2500.0
-2500.0
-2500.0
-2500.0
-2500.0
-2500.0
-2500.0
-2500.0
-2500.0
-2500.0
-2500.0
-2500.0
-2500.0
-2500.0
-2500.0
-2500.0
-2500.0
-2500.0
-2500.0
-2500.0
-2500.0
-2500.0
-2500.0
-2500.0
-2500.0
-2500.0
-2500.0
-2500.0
-2500.0
-2500.0
-2500.0
-2500.0
-2500.0
-2500.0
-2500.0
-2500.0
-2500.0
-2500.0
-2500.0
-2500.0
-2500.0
-2500.0
-2500.0
-2500.0
-2500.0
-2500.0
-2500.0
-2500.0
-2500.0
-2500.0
-2500.0
-2500.0
-2500.0
-2500.0
-2500.0
-2500.0
-2500.0
-2500.0
-2500.0
-2500.0
-2500.0
-2500.0
-2500.0
-2500.0
-2500.0
-2500.0
-2500.0
-2500.0
-2500.0
-2500.0
-2500.0
-2500.0
-2500.0
-2500.0
-2500.0
-2499.8
-2500.0
-2500.0
-2500.0
-2500.0
-2500.0
-2500.0
-2500.0
-2500.0
-2500.0
-2500.0
-2500.0
-2500.0
-2499.8
-2500.0
-2500.0
-2500.0
-2500.0
-2500.0
-2500.0
-2500.0
-2500.0
-2500.0
-2500.0
-2500.0
-2500.0
-2500.0
-2500.0
-2500.0
-2500.0
-2500.0
-2500.0
-2499.8
-2500.0
-2500.0
-2500.0
-2499.8
-2499.8
-2500.0
-2500.0
-2500.0
-2500.0
-2500.0
-2499.8
-2500.0
-2500.0
-2500.0
-2500.0
-2500.0
-2500.0
-2500.0
-2500.0
-2500.0
-2500.0
-2499.8
-2500.0
-2500.0
-2500.0
-2500.0
-2499.6
-2500.0
-2500.0
-2500.0
-2499.6
-2500.0
-2500.0
-2500.0
-2500.0
-2500.0
-2500.0
-2500.0
-2500.0
-2500.0
-2500.0
-2500.0
-2500.0
-2500.0
-2500.0
-2500.0
-2500.0
-2500.0
-2499.8
-2500.0
-2500.0
-2499.8
-2500.0
-2500.0
-2500.0
-2499.8
-2500.0
-2499.8
-2500.0
-2500.0
-2500.0
-2500.0
-2499.6
-2499.8
-2500.0
-2500.0
-2499.8
-2500.0
-2499.8
-2499.8
-2499.8
-2499.8
-2499.8
-2500.0
-2500.0
-2499.4
-2500.0
-2499.6
-2499.8
-2500.0
-2499.8
-2500.0
-2500.0
-2499.8
-2500.0
-2499.8
-2500.0
-2499.8
-2499.8
-2499.6
-2499.6
-2499.8
-2500.0
-2500.0
-2499.8
-2500.0
-2499.8
-2499.6
-2499.6
-2499.8
-2499.8
-2499.8
-2499.6
-2499.6
-2499.6
-2499.8
-2499.6
-2499.8
-2499.6
-2500.0
-2499.2
-2499.4
-2499.8
-2499.8
-2499.8
-2499.8
-2499.8
-2499.2
-2499.6
-2499.8
-2499.4
-2500.0
-2498.6
-2499.0
-2499.4
-2499.2
-2499.0
-2499.8
-2499.2
-2498.2
-2499.6
-2499.4
-2499.4
-2499.0
-2500.0
-2499.2
-2500.0
-2499.4
-2498.4
-2499.0
-2499.2
-2498.6
-2499.0
-2498.8
-2499.2
-2498.8
-2499.2
-2499.4
-2499.2
-2499.4
-2499.2
-2499.0
-2498.8
-2499.4
-2498.8
-2499.4
-2498.8
-2499.4
-2499.2
-2499.6
-2499.4
-2498.8
-2498.8
-2499.0
-2498.6
-2498.6
-2498.8
-2498.4
-2498.8
-2499.6
-2498.6
-2499.0
-2497.8
-2498.4
-2498.8
-2499.6
-2498.0
-2498.4
-2499.0
-2499.0
-2498.6
-2498.4
-2498.2
-2498.2
-2498.4
-2498.0
-2498.4
-2498.4
-2498.0
-2497.6
-2498.4
-2496.2
-2498.6
-2498.6
-2498.0
-2496.6
-2498.2
-2498.0
-2498.6
-2496.8
-2498.0
-2497.4
-2498.0
-2497.4
-2498.6
-2497.2
-2496.8
-2498.6
-2497.4
-2497.8
-2497.2
-2498.0
-2495.0
-2499.0
-2497.6
-2496.2
-2495.8
-2497.0
-2495.6
-2497.2
-2496.8
-2496.8
-2497.4
-2496.2
-2496.6
-2498.2
-2495.4
-2497.2
-2496.8
-2496.6
-2496.8
-2496.8
-2497.0
-2496.4
-2497.2
-2496.2
-2495.4
-2497.2
-2495.2
-2496.0
-2494.8
-2496.2
-2496.8
-2496.8
-2495.2
-2496.6
-2496.8
-2494.4
-2495.0
-2495.0
-2494.0
-2495.0
-2494.2
-2492.6
-2494.4
-2494.0
-2493.0
-2493.0
-2495.0
-2494.0
-2496.0
-2494.6
-2493.4
-2495.0
-2494.0
-2494.2
-2495.2
-2494.4
-2493.0
-2493.6
-2493.8
-2493.6
-2494.2
-2494.0
-2494.8
-2492.2
-2491.8
-2490.8
-2494.6
-2493.0
-2493.8
-2492.0
-2492.8
-2495.2
-2493.2
-2491.4
-2493.6
-2492.6
-2491.4
-2493.2
-2492.8
-2493.0
-2493.2
-2490.2
-2494.0
-2491.4
-2491.0
-2488.6
-2494.0
-2489.2
-2491.6
-2491.2
-2490.0
-2491.2
-2491.0
-2493.2
-2491.2
-2492.8
-2491.8
-2490.2
-2494.2
-2490.2
-2491.8
-2490.0
-2490.8
-2488.6
-2491.6
-2490.6
-2487.2
-2488.6
-2488.0
-2489.4
-2485.4
-2489.8
-2486.0
-2489.4
-2488.2
-2490.6
-2491.0
-2487.8
-2486.0
-2488.4
-2489.2
-2489.8
-2487.6
-2486.0
-2485.8
-2490.4
-2482.8
-2488.2
-2488.8
-2485.0
-2487.8
-2488.2
-2485.2
-2489.4
-2485.0
-2486.2
-2488.4
-2482.6
-2484.6
-2486.8
-2489.8
-2486.0
-2479.8
-2482.4
-2483.6
-2485.4
-2481.8
-2483.4
-2484.6
-2488.0
-2479.0
-2483.4
-2483.4
-2480.8
-2481.0
-2483.2
-2482.4
-2478.4
-2482.0
-2482.4
-2485.2
-2480.6
-2477.8
-2482.8
-2484.6
-2478.4
-2479.2
-2481.8
-2484.6
-2481.0
-2481.6
-2478.4
-2475.4
-2480.0
-2477.2
-2478.8
-2475.6
-2480.6
-2476.4
-2476.8
-2475.0
-2476.8
-2477.2
-2473.8
-2478.2
-2474.8
-2476.0
-2476.6
-2474.4
-2475.0
-2478.4
-2475.0
-2472.4
-2474.2
-2476.6
-2477.8
-2473.6
-2474.0
-2468.0
-2478.4
-2470.0
-2474.0
-2470.0
-2473.8
-2468.0
-2467.0
-2477.2
-2466.4
-2467.0
-2474.2
-2470.2
-2470.0
-2467.8
-2475.6
-2472.4
-2462.4
-2470.4
-2464.4
-2466.2
-2470.0
-2471.8
-2467.4
-2461.6
-2469.0
-2470.6
-2465.4
-2462.2
-2463.0
-2461.6
-2466.4
-2461.8
-2470.6
-2463.8
-2464.4
-2473.2
-2459.0
-2463.6
-2453.4
-2460.2
-2458.0
-2468.2
-2460.2
-2460.8
-2459.8
-2458.4
-2462.8
-2463.2
-2457.4
-2457.0
-2457.6
-2455.0
-2461.6
-2454.0
-2454.4
-2462.8
-2458.2
-2464.2
-2461.4
-2456.4
-2456.0
-2455.2
-2450.0
-2457.2
-2449.2
-2457.0
-2453.0
-2460.0
-2444.4
-2448.6
-2456.8
-2455.0
-2453.4
-2454.6
-2445.6
-2449.0
-2449.2
-2444.6
-2443.2
-2454.2
-2451.0
-2446.2
-2451.4
-2444.0
-2448.2
-2451.0
-2442.8
-2446.4
-2445.4
-2440.8
-2443.2
-2444.4
-2452.8
-2449.0
-2440.6
-2443.4
-2441.6
-2435.2
-2439.6
-2436.2
-2434.2
-2438.4
-2437.0
-2438.6
-2433.4
-2440.8
-2431.2
-2434.4
-2435.6
-2435.4
-2430.6
-2430.4
-2431.8
-2440.0
-2428.0
-2431.6
-2437.4
-2432.8
-2426.2
-2425.6
-2426.0
-2430.2
-2430.6
-2424.2
-2427.4
-2423.8
-2416.8
-2419.2
-2426.2
-2435.2
-2424.8
-2424.0
-2424.2
-2422.8
-2426.4
-2422.2
-2414.4
-2421.8
-2418.4
-2415.4
-2413.8
-2419.8
-2415.2
-2421.8
-2411.8
-2416.8
-2417.2
-2410.4
-2407.8
-2417.2
-2399.4
-2412.4
-2421.6
-2406.0
-2392.0
-2411.0
-2418.6
-2415.6
-2403.6
-2411.0
-2408.2
-2408.6
-2396.4
-2402.6
-2404.0
-2402.2
-2406.6
-2383.0
-2396.6
-2410.2
-2400.2
-2395.0
-2396.0
-2399.0
-2389.4
-2392.8
-2399.8
-2376.6
-2386.2
-2383.8
-2391.8
-2389.6
-2394.4
-2390.8
-2383.6
-2394.4
-2377.4
-2393.6
-2376.4
-2391.2
-2375.8
-2377.4
-2388.0
-2381.0
-2377.0
-2376.6
-2371.0
-2370.0
-2381.2
-2378.8
-2363.0
-2364.8
-2377.6
-2373.4
-2375.4
-2375.6
-2371.6
-2370.4
-2366.4
-2373.6
-2354.0
-2346.8
-2354.6
-2355.0
-2356.0
-2355.8
-2356.2
-2348.2
-2359.2
-2352.8
-2335.8
-2342.8
-2348.6
-2362.0
-2328.6
-2354.8
-2339.8
-2361.0
-2357.2
-2350.0
-2333.8
-2341.8
-2350.0
-2343.2
-2345.6
-2329.0
-2338.0
-2338.2
-2334.8
-2307.8
-2329.0
-2313.6
-2340.0
-2318.4
-2324.0
-2320.2
-2336.4
-2325.8
-2332.6
-2331.8
-2311.0
-2294.6
-2296.2
-2311.2
-2287.8
-2286.6
-2315.6
-2301.0
-2312.8
-2298.4
-2325.2
-2284.0
-2287.2
-2286.6
-2290.4
-2280.6
-2293.0
-2287.8
-2291.0
-2266.8
-2293.8
-2293.4
-2293.0
-2315.0
-2264.6
-2301.8
-2281.8
-2297.2
-2264.2
-2266.2
-2257.2
-2281.6
-2284.2
-2286.6
-2268.6
-2267.8
-2283.4
-2238.0
-2272.2
-2241.0
-2262.6
-2247.6
-2233.0
-2245.6
-2263.8
-2221.8
-2223.2
-2226.6
-2249.0
-2214.8
-2224.2
-2216.0
-2248.6
-2207.2
-2231.8
-2232.0
-2211.8
-2228.4
-2220.0
-2223.6
-2218.2
-2203.6
-2233.0
-2195.8
-2206.6
-2198.2
-2168.6
-2207.6
-2196.8
-2218.4
-2198.4
-2179.6
-2210.8
-2164.4
-2185.8
-2199.6
-2203.2
-2158.0
-2171.0
-2197.0
-2177.2
-2138.6
-2151.2
-2181.2
-2157.2
-2150.2
-2180.2
-2142.4
-2128.8
-2145.0
-2140.0
-2149.4
-2104.8
-2149.0
-2120.8
-2121.4
-2120.4
-2112.8
-2122.0
-2100.4
-2069.8
-2142.8
-2092.8
-2041.4
-2126.6
-2151.0
-2033.2
-2084.8
-2124.0
-2076.2
-2086.0
-1996.8
-2101.0
-2063.6
-2032.0
-2051.0
-2077.8
-2059.0
-2002.2
-2043.0
-2048.6
-2027.4
-2061.8
-1999.4
-2024.8
-1964.2
-2038.4
-2055.6
-2049.0
-1993.6
-2032.0
-1985.6
-1976.0
-1993.2
-2020.6
-1968.0
-1961.8
-1941.4
-1914.8
-2016.4
-1893.0
-1973.4
-1996.2
-1956.0
-1839.0
-1975.0
-1938.6
-1887.8
-1826.6
-1925.4
-1891.2
-1936.4
-1830.4
-1932.4
-1869.6
-1857.0
-1811.6
-1903.8
-1800.4
-1848.6
-1849.4
-1781.2
-1822.2
-1757.2
-1782.4
-1847.0
-1784.8
-1731.2
-1725.0
-1855.4
-1825.0
-1842.8
-1777.2
-1706.0
-1832.4
-1795.2
-1735.8
-1641.0
-1731.4
-1718.4
-1788.6
-1726.8
-1718.2
-1764.4
-1732.6
-1663.6
-1714.2
-1623.2
-1620.2
-1680.2
-1626.8
-1540.8
-1631.2
-1553.6
-1541.4
-1475.2
-1487.6
-1597.8
-1589.4
-1548.4
-1672.8
-1324.0
-1607.8
-1583.2
-1390.6
-1496.4
-1540.4
-1404.2
-1569.2
-1349.6
-1516.4
-1498.4
-1397.4
-1355.4
-1441.0
-1481.2
-1430.4
-1422.4
-1448.4
-1325.6
-1442.4
-1400.4
-1351.0
-1445.6
-1419.2
-1306.0
-1304.2
-1355.8
-1275.8
-1171.8
-1141.8
-1153.2
-1326.8
-1219.8
-1288.6
-1308.4
-1279.0
-1073.8
-1214.0
-1249.4
-1152.8
-1014.8
-1173.6
-922.4
-1138.6
-984.4
-1172.8
-1261.0
-1060.2
-1067.4
-1161.8
-1069.8
-916.2
-760.2
-1081.6
-1018.0
-802.4
-1047.6
-1035.8
-1068.8
-899.2
-850.0
-766.6
-1027.0
-908.4
-855.2
-938.0
-935.4
-884.8
-988.8
-1042.4
-929.2
-951.8
-995.2
-905.6
-961.4
-772.4
-885.8
-1019.6
-770.4
-851.4
-823.6
-786.2
-697.6
-818.8
-778.6
-719.4
-865.2
-695.4
-745.2
-596.0
-712.6
-621.0
-771.8
-723.8
-631.6
-720.0
-647.6
-640.6
-620.4
-579.2
-572.4
-626.4
-566.4
-654.4
-528.0
-675.2
-557.0
-704.6
-601.2
-580.6
-555.2
-570.8
-438.2
-547.2
-568.0
-563.6
-539.6
-443.4
-542.0
-489.8
-434.6
-459.8
-553.8
-472.6
-367.0
-507.2
-184.6
-494.6
-460.2
-364.6
-348.0
-469.0
-527.6
-542.8
-277.2
-469.8
-331.6
-399.0
-443.0
-388.2
-482.2
-414.4
-267.4
-281.4
-380.6
-437.0
-386.4
-451.8
-308.8
-299.2
-368.4
-360.6
-267.0
-320.2
-259.4
-261.2
-216.6
-305.6
-181.2
-267.8
-392.0
-206.0
-292.4
-146.6
-310.8
-235.4
-219.8
-162.2
-288.4
-164.4
-255.8
-201.2
-220.2
-182.6
-419.2
-232.8
-266.8
-127.4
-227.8
-160.0
-22.6
-177.6
-106.0
-220.2
-330.2
-206.4
-79.0
-220.2
-102.6
-118.4
-188.0
-214.0
-257.4
-131.0
-106.8
-115.6
-136.2
-152.4
-31.4
-210.4
-64.0
-141.4
-170.4
-155.4
-69.2
-32.0
-94.2
-172.8
-231.8
-207.6
-193.4
-168.0
3.2
31.6
-54.6
-125.6
10.8
-59.8
-15.4
-49.6
-98.8
-106.4
-102.4
-15.0
-225.4
-30.0
-108.4
32.8
-161.6
-126.2
-104.6
-196.0
-57.2
10.6
-72.2
-25.0
-50.4
-49.2
-55.4
-37.8
-59.8
-34.8
-1.2
-84.8
28.6
-115.8
-110.2
4.0
-109.4
-27.8
-180.0
-75.8
-92.2
30.4
76.2
33.6
31.0
-15.6
-56.8
-33.0
-0.8
-102.8
-75.2
42.2
-23.6
-146.8
-79.2
-45.0
10.8
87.4
-42.6
-2.4
-60.2
-39.0
20.0
-42.0
63.4
17.4
-75.8
-2.0
-14.6
-128.6
-46.4
-2.6
113.6
-12.2
-149.4
-31.4
-59.2
15.2
88.0
-132.0
-106.8
-109.8
-56.4
-8.2
23.2
-29.2
-40.2
12.2
9.6
-41.4
-71.8
-36.0
117.8
36.8
-117.0
-32.4
-12.6
47.2
112.8
38.4
-12.8
-62.0
-39.0
-129.6
-33.6
-101.2
1.8
32.2
-60.8
14.4
5.0
67.8
12.0
58.4
-39.2
-40.4
-13.4
39.0
-24.0
-42.2
28.2
-48.4
-65.4
-47.2
31.0
-41.6
24.8
-76.6
22.2
-5.6
16.4
-59.6
51.0
22.2
-7.0
10.2
15.2
12.4
63.6
78.0
40.2
70.8
-23.0
-93.8
46.0
-102.4
-2.6
5.4
29.4
-19.4
87.0
-39.6
25.8
23.8
41.8
26.8
34.4
-7.2
-3.6
12.6
-34.8
16.2
-99.0
-60.8
-42.0
-39.6
37.0
40.8
-25.0
-23.2
1.0
-55.2
66.6
-25.2
51.2
-63.4
33.8
17.0
23.2
-28.8
56.0
-71.6
77.0
83.6
21.0
-26.2
5.8
21.8
21.4
7.6
-3.2
-0.4
-17.0
10.6
52.6
9.8
32.2
9.4
-36.4
24.4
43.4
-29.6
-20.4
-2.6
-14.0
-80.0
60.4
-64.0
29.8
-94.6
-29.8
10.6
-42.6
13.6
-35.4
99.4
103.6
-1.8
17.6
46.2
22.2
-67.6
19.4
-41.8
1.8
-11.6
28.8
62.4
-11.8
17.2
-135.6
-0.6
-21.4
33.4
-35.6
-22.4
-2.2
-17.8
67.0
22.8
-15.6
-2.2
-37.4
-8.6
-31.4
-21.4
27.0
-61.2
45.2
35.0
-20.8
-17.2
45.8
61.8
-20.0
-45.6
-21.2
-50.6
42.8
21.4
-8.8
47.4
32.4
23.8
76.4
-23.0
-59.0
4.0
-70.2
55.4
25.2
-68.2
-11.8
56.2
72.8
96.0
0.2
36.8
17.8
-21.4
-13.6
-80.6
28.4
-18.6
51.8
12.4
-6.4
19.0
-4.6
68.6
-72.6
32.0
-23.0
14.8
-46.0
7.8
-47.6
-95.2
-21.2
44.6
25.6
40.6
-6.0
-42.4
-34.4
50.6
-23.0
29.4
4.2
-30.6
-94.6
24.2
-37.6
-15.4
14.6
-35.8
75.0
22.2
12.2
23.6
27.6
-26.0
27.4
-44.2
6.6
-30.4
34.4
22.2
95.6
-19.2
-3.8
11.2
24.2
28.6
-81.0
-19.2
-5.4
-33.2
18.4
-21.8
-25.6
-58.4
15.4
23.0
-16.0
61.0
17.0
85.2
-20.6
-45.2
-4.4
-12.2
84.2
-15.8
-32.2
1.2
36.2
-12.4
-67.8
21.4
65.2
-14.2
40.2
-40.2
27.4
-53.4
-29.4
42.0
-43.8
49.4
-15.8
22.0
-67.4
14.0
28.4
15.6
-20.8
33.0
44.0
55.0
50.0
-55.8
-32.2
-3.6
-0.4
49.4
-15.8
17.0
-27.2
66.2
-19.0
-8.0
-16.4
43.0
26.0
44.2
61.6
-34.2
-12.2
-30.4
-4.4
25.6
3.8
2.2
28.8
-14.4
-1.2
20.4
-29.2
-56.8
6.6
-43.0
19.6
84.8
-16.0
-21.2
-16.2
-4.0
-29.4
-51.2
14.4
-56.0
-26.0
52.6
34.6
-25.4
-29.0
24.0
40.0
33.2
2.0
0.6
20.0
6.6
-34.8
49.8
61.6
-35.4
-59.0
-75.6
-52.8
33.8
-5.8
-2.8
4.0
61.0
24.4
49.0
2.4
-42.0
11.6
0.8
-37.4
-45.0
90.6
-19.4
3.0
58.6
29.6
71.4
-43.0
18.6
50.4
59.8
-38.8
-7.2
-27.4
-14.0
65.8
-3.0
-13.4
-32.8
53.4
-66.8
19.6
9.2
-32.6
-21.4
-2.6
-30.4
-19.0
-34.0
-68.8
62.4
-50.6
17.6
67.8
17.8
-31.0
37.6
-14.2
38.0
9.0
31.6
27.0
25.8
39.8
-57.2
-7.4
70.4
38.0
22.8
-44.4
36.2
40.4
-28.2
-33.6
-25.0
46.0
-3.6
4.0
8.8
-34.2
-33.8
2.6
-19.2
43.8
66.8
7.6
-30.8
-30.0
34.6
37.8
-18.0
-8.4
11.4
21.8
64.4
-1.0
-56.6
-54.0
-23.6
-8.4
-5.0
35.2
-5.6
40.2
1.8
7.8
28.4
-11.6
14.0
-20.0
67.8
34.0
-21.2
-34.4
0.0
-16.0
-17.6
19.8
-2.4
-54.4
-10.8
-7.8
-9.2
2.6
14.8
-32.8
42.4
-5.6
-6.6
0.8
10.2
-6.0
2.0
9.4
-38.2
-19.0
7.6
-30.2
39.8
-4.8
-5.6
13.2
76.0
-10.0
-20.2
16.6
2.8
-1.0
-43.8
16.8
57.0
-15.6
-32.2
-33.4
-69.2
22.4
41.2
3.8
27.8
-33.0
27.0
7.0
-13.6
-24.4
-0.4
-12.8
17.8
19.2
66.8
28.4
-42.6
60.8
-18.0
-25.2
-24.4
-16.6
-15.4
18.8
43.4
-21.0
-6.0
