150.0
38.0
-2.0
6.0
-8.0
-6.0
-22.0
-16.0
10.0
36.0
8.0
-14.0
10.0
12.0
12.0
18.0
14.0
-42.0
-32.0
8.0
-20.0
-42.0
-30.0
-30.0
40.0
-22.0
-28.0
8.0
12.0
4.0
0.0
-16.0
24.0
4.0
-12.0
-24.0
2.0
4.0
6.0
16.0
24.0
12.0
-12.0
-10.0
26.0
6.0
54.0
18.0
-28.0
48.0
4.0
10.0
44.0
44.0
-6.0
-4.0
4.0
-36.0
22.0
-2.0
20.0
-32.0
-10.0
16.0
-12.0
58.0
24.0
46.0
-30.0
-16.0
-40.0
26.0
24.0
-52.0
30.0
4.0
-2.0
28.0
-48.0
-6.0
18.0
-4.0
6.0
-14.0
14.0
70.0
-2.0
-6.0
-16.0
-34.0
-18.0
34.0
26.0
46.0
-26.0
-8.0
6.0
-12.0
-10.0
6.0
12.0
-42.0
-20.0
-78.0
-2.0
20.0
-8.0
16.0
66.0
-10.0
12.0
-8.0
58.0
-40.0
-30.0
22.0
22.0
4.0
24.0
4.0
-50.0
0.0
24.0
8.0
44.0
-22.0
40.0
-40.0
0.0
26.0
0.0
46.0
-38.0
60.0
30.0
30.0
22.0
-52.0
-12.0
-64.0
8.0
50.0
2.0
-28.0
0.0
-6.0
8.0
4.0
44.0
-48.0
-26.0
46.0
-32.0
-2.0
58.0
-50.0
-16.0
-14.0
0.0
-12.0
6.0
0.0
8.0
16.0
-68.0
-8.0
-20.0
-16.0
20.0
20.0
-24.0
6.0
8.0
6.0
-44.0
-44.0
10.0
-26.0
58.0
36.0
6.0
74.0
-4.0
14.0
-2.0
8.0
-16.0
-74.0
-50.0
42.0
-18.0
8.0
0.0
0.0
-38.0
34.0
-74.0
-76.0
-52.0
18.0
12.0
