0.0	-5000.0	1.0	-2500.0	-1.0
0.001	-5000.0	1.0	-2500.0	-1.0
0.002	-5000.0	1.0	-2500.0	-1.0
0.003	-5000.0	1.0	-2500.0	-1.0
0.004	-5000.0	1.0	-2500.0	-1.0
0.005	-5000.0	1.0	-2500.0	-1.0
0.006	-5000.0	1.0	-2500.0	-1.0
0.007	-5000.0	1.0	-2500.0	-1.0
0.008	-5000.0	1.0	-2500.0	-1.0
0.009	-5000.0	1.0	-2500.0	-1.0
0.01	-5000.0	1.0	-2500.0	-1.0
0.011	-5000.0	1.0	-2500.0	-1.0
0.012	-5000.0	1.0	-2500.0	-1.0
0.013	-5000.0	1.0	-2500.0	-1.0
0.014	-5000.0	1.0	-2500.0	-1.0
0.015	-5000.0	1.0	-2500.0	-1.0
0.016	-5000.0	1.0	-2500.0	-1.0
0.017	-5000.0	1.0	-2500.0	-1.0
0.018	-5000.0	1.0	-2500.0	-1.0
0.019	-5000.0	1.0	-2500.0	-1.0
0.02	-5000.0	1.0	-2500.0	-1.0
0.021	-5000.0	1.0	-2500.0	-1.0
0.022	-5000.0	1.0	-2500.0	-1.0
0.023	-5000.0	1.0	-2500.0	-1.0
0.024	-5000.0	1.0	-2500.0	-1.0
0.025	-5000.0	1.0	-2500.0	-1.0
0.026	-5000.0	1.0	-2500.0	-1.0
0.027	-5000.0	1.0	-2500.0	-1.0
0.028	-5000.0	1.0	-2500.0	-1.0
0.029	-5000.0	1.0	-2500.0	-1.0
0.03	-5000.0	1.0	-2500.0	-1.0
0.031	-5000.0	1.0	-2500.0	-1.0
0.032	-5000.0	1.0	-2500.0	-1.0
0.033	-5000.0	1.0	-2500.0	-1.0
0.034	-5000.0	1.0	-2500.0	-1.0
0.035	-5000.0	1.0	-2500.0	-1.0
0.036	-5000.0	1.0	-2500.0	-1.0
0.037	-5000.0	1.0	-2500.0	-1.0
0.038	-5000.0	1.0	-2500.0	-1.0
0.039	-5000.0	1.0	-2500.0	-1.0
0.04	-5000.0	1.0	-2500.0	-1.0
0.041	-5000.0	1.0	-2500.0	-1.0
0.042	-5000.0	1.0	-2500.0	-1.0
0.043	-5000.0	1.0	-2500.0	-1.0
0.044	-5000.0	1.0	-2500.0	-1.0
0.045	-5000.0	1.0	-2500.0	-1.0
0.046	-5000.0	1.0	-2500.0	-1.0
0.047	-5000.0	1.0	-2500.0	-1.0
0.048	-5000.0	1.0	-2500.0	-1.0
0.049	-5000.0	1.0	-2500.0	-1.0
0.05	-5000.0	1.0	-2500.0	-1.0
0.051	-5000.0	1.0	-2500.0	-1.0
0.052	-5000.0	1.0	-2500.0	-1.0
0.053	-5000.0	1.0	-2500.0	-1.0
0.054	-5000.0	1.0	-2500.0	-1.0
0.055	-5000.0	1.0	-2500.0	-1.0
0.056	-5000.0	1.0	-2500.0	-1.0
0.057	-5000.0	1.0	-2500.0	-1.0
0.058	-5000.0	1.0	-2500.0	-1.0
0.059	-5000.0	1.0	-2500.0	-1.0
0.06	-5000.0	1.0	-2500.0	-1.0
0.061	-5000.0	1.0	-2500.0	-1.0
0.062	-5000.0	1.0	-2500.0	-1.0
0.063	-5000.0	1.0	-2500.0	-1.0
0.064	-5000.0	1.0	-2500.0	-1.0
0.065	-5000.0	1.0	-2500.0	-1.0
0.066	-5000.0	1.0	-2500.0	-1.0
0.067	-5000.0	1.0	-2500.0	-1.0
0.068	-5000.0	1.0	-2500.0	-1.0
0.069	-5000.0	1.0	-2500.0	-1.0
0.07	-5000.0	1.0	-2500.0	-1.0
0.071	-5000.0	1.0	-2500.0	-1.0
0.072	-5000.0	1.0	-2500.0	-1.0
0.073	-5000.0	1.0	-2500.0	-1.0
0.074	-5000.0	1.0	-2500.0	-1.0
0.075	-5000.0	1.0	-2500.0	-1.0
0.076	-5000.0	1.0	-2500.0	-1.0
0.077	-5000.0	1.0	-2500.0	-1.0
0.078	-5000.0	1.0	-2500.0	-1.0
0.079	-5000.0	1.0	-2500.0	-1.0
0.08	-5000.0	1.0	-2500.0	-1.0
0.081	-5000.0	1.0	-2500.0	-1.0
0.082	-5000.0	1.0	-2500.0	-1.0
0.083	-5000.0	1.0	-2500.0	-1.0
0.084	-5000.0	1.0	-2500.0	-1.0
0.085	-5000.0	1.0	-2500.0	-1.0
0.086	-5000.0	1.0	-2500.0	-1.0
0.087	-5000.0	1.0	-2500.0	-1.0
0.088	-5000.0	1.0	-2500.0	-1.0
0.089	-5000.0	1.0	-2500.0	-1.0
0.09	-5000.0	1.0	-2500.0	-1.0
0.091	-5000.0	1.0	-2500.0	-1.0
0.092	-5000.0	1.0	-2500.0	-1.0
0.093	-5000.0	1.0	-2500.0	-1.0
0.094	-5000.0	1.0	-2500.0	-1.0
0.095	-5000.0	1.0	-2500.0	-1.0
0.096	-5000.0	1.0	-2500.0	-1.0
0.097	-5000.0	1.0	-2500.0	-1.0
0.098	-5000.0	1.0	-2500.0	-1.0
0.099	-5000.0	1.0	-2500.0	-1.0
0.1	-5000.0	1.0	-2500.0	-1.0
0.101	-5000.0	1.0	-2500.0	-1.0
0.102	-5000.0	1.0	-2500.0	-1.0
0.103	-5000.0	1.0	-2500.0	-1.0
0.104	-5000.0	1.0	-2500.0	-1.0
0.105	-5000.0	1.0	-2500.0	-1.0
0.106	-5000.0	1.0	-2500.0	-1.0
0.107	-5000.0	1.0	-2500.0	-1.0
0.108	-5000.0	1.0	-2500.0	-1.0
0.109	-5000.0	1.0	-2500.0	-1.0
0.11	-5000.0	1.0	-2500.0	-1.0
0.111	-5000.0	1.0	-2500.0	-1.0
0.112	-5000.0	1.0	-2500.0	-1.0
0.113	-5000.0	1.0	-2500.0	-1.0
0.114	-5000.0	1.0	-2500.0	-1.0
0.115	-5000.0	1.0	-2500.0	-1.0
0.116	-5000.0	1.0	-2500.0	-1.0
0.117	-5000.0	1.0	-2500.0	-1.0
0.118	-5000.0	1.0	-2500.0	-1.0
0.119	-5000.0	1.0	-2500.0	-1.0
0.12	-5000.0	1.0	-2500.0	-1.0
0.121	-5000.0	1.0	-2500.0	-1.0
0.122	-5000.0	1.0	-2500.0	-1.0
0.123	-5000.0	1.0	-2500.0	-1.0
0.124	-5000.0	1.0	-2500.0	-1.0
0.125	-5000.0	1.0	-2500.0	-1.0
0.126	-5000.0	1.0	-2500.0	-1.0
0.127	-5000.0	1.0	-2500.0	-1.0
0.128	-5000.0	1.0	-2500.0	-1.0
0.129	-5000.0	1.0	-2500.0	-1.0
0.13	-5000.0	1.0	-2500.0	-1.0
0.131	-5000.0	1.0	-2500.0	-1.0
0.132	-5000.0	1.0	-2500.0	-1.0
0.133	-5000.0	1.0	-2500.0	-1.0
0.134	-5000.0	1.0	-2500.0	-1.0
0.135	-5000.0	1.0	-2500.0	-1.0
0.136	-5000.0	1.0	-2500.0	-1.0
0.137	-5000.0	1.0	-2500.0	-1.0
0.138	-5000.0	1.0	-2500.0	-1.0
0.139	-5000.0	1.0	-2500.0	-1.0
0.14	-5000.0	1.0	-2500.0	-1.0
0.141	-5000.0	1.0	-2500.0	-1.0
0.142	-5000.0	1.0	-2500.0	-1.0
0.143	-5000.0	1.0	-2500.0	-1.0
0.144	-5000.0	1.0	-2500.0	-1.0
0.145	-5000.0	1.0	-2500.0	-1.0
0.146	-5000.0	1.0	-2500.0	-1.0
0.147	-5000.0	1.0	-2500.0	-1.0
0.148	-5000.0	1.0	-2500.0	-1.0
0.149	-5000.0	1.0	-2500.0	-1.0
0.15	-5000.0	1.0	-2500.0	-1.0
0.151	-5000.0	1.0	-2500.0	-1.0
0.152	-5000.0	1.0	-2500.0	-1.0
0.153	-5000.0	1.0	-2500.0	-1.0
0.154	-5000.0	1.0	-2500.0	-1.0
0.155	-5000.0	1.0	-2500.0	-1.0
0.156	-5000.0	1.0	-2500.0	-1.0
0.157	-5000.0	1.0	-2500.0	-1.0
0.158	-5000.0	1.0	-2500.0	-1.0
0.159	-5000.0	1.0	-2500.0	-1.0
0.16	-5000.0	1.0	-2500.0	-1.0
0.161	-5000.0	1.0	-2500.0	-1.0
0.162	-5000.0	1.0	-2500.0	-1.0
0.163	-5000.0	1.0	-2500.0	-1.0
0.164	-5000.0	1.0	-2500.0	-1.0
0.165	-5000.0	1.0	-2500.0	-1.0
0.166	-5000.0	1.0	-2500.0	-1.0
0.167	-5000.0	1.0	-2500.0	-1.0
0.168	-5000.0	1.0	-2500.0	-1.0
0.169	-5000.0	1.0	-2500.0	-1.0
0.17	-5000.0	1.0	-2500.0	-1.0
0.171	-5000.0	1.0	-2500.0	-1.0
0.172	-5000.0	1.0	-2500.0	-1.0
0.173	-5000.0	1.0	-2500.0	-1.0
0.174	-5000.0	1.0	-2500.0	-1.0
0.175	-5000.0	1.0	-2500.0	-1.0
0.176	-5000.0	1.0	-2500.0	-1.0
0.177	-5000.0	1.0	-2500.0	-1.0
0.178	-5000.0	1.0	-2500.0	-1.0
0.179	-5000.0	1.0	-2500.0	-1.0
0.18	-5000.0	1.0	-2500.0	-1.0
0.181	-5000.0	1.0	-2500.0	-1.0
0.182	-5000.0	1.0	-2500.0	-1.0
0.183	-5000.0	1.0	-2500.0	-1.0
0.184	-5000.0	1.0	-2500.0	-1.0
0.185	-5000.0	1.0	-2500.0	-1.0
0.186	-5000.0	1.0	-2500.0	-1.0
0.187	-5000.0	1.0	-2500.0	-1.0
0.188	-5000.0	1.0	-2500.0	-1.0
0.189	-5000.0	1.0	-2500.0	-1.0
0.19	-5000.0	1.0	-2500.0	-1.0
0.191	-5000.0	1.0	-2500.0	-1.0
0.192	-5000.0	1.0	-2500.0	-1.0
0.193	-5000.0	1.0	-2500.0	-1.0
0.194	-5000.0	1.0	-2500.0	-1.0
0.195	-5000.0	1.0	-2500.0	-1.0
0.196	-5000.0	1.0	-2500.0	-1.0
0.197	-5000.0	1.0	-2500.0	-1.0
0.198	-5000.0	1.0	-2500.0	-1.0
0.199	-5000.0	1.0	-2500.0	-1.0
0.2	-5000.0	1.0	-2500.0	-1.0
0.201	-5000.0	1.0	-2500.0	-1.0
0.202	-5000.0	1.0	-2500.0	-1.0
0.203	-5000.0	1.0	-2500.0	-1.0
0.204	-5000.0	1.0	-2500.0	-1.0
0.205	-5000.0	1.0	-2500.0	-1.0
0.206	-5000.0	1.0	-2500.0	-1.0
0.207	-5000.0	1.0	-2500.0	-1.0
0.208	-5000.0	1.0	-2500.0	-1.0
0.209	-5000.0	1.0	-2500.0	-1.0
0.21	-5000.0	1.0	-2500.0	-1.0
0.211	-5000.0	1.0	-2500.0	-1.0
0.212	-5000.0	1.0	-2500.0	-1.0
0.213	-5000.0	1.0	-2500.0	-1.0
0.214	-5000.0	1.0	-2500.0	-1.0
0.215	-5000.0	1.0	-2500.0	-1.0
0.216	-5000.0	1.0	-2500.0	-1.0
0.217	-5000.0	1.0	-2500.0	-1.0
0.218	-5000.0	1.0	-2500.0	-1.0
0.219	-5000.0	1.0	-2500.0	-1.0
0.22	-5000.0	1.0	-2500.0	-1.0
0.221	-5000.0	1.0	-2500.0	-1.0
0.222	-5000.0	1.0	-2500.0	-1.0
0.223	-5000.0	1.0	-2500.0	-1.0
0.224	-5000.0	1.0	-2500.0	-1.0
0.225	-5000.0	1.0	-2500.0	-1.0
0.226	-5000.0	1.0	-2500.0	-1.0
0.227	-5000.0	1.0	-2500.0	-1.0
0.228	-5000.0	1.0	-2500.0	-1.0
0.229	-5000.0	1.0	-2500.0	-1.0
0.23	-5000.0	1.0	-2500.0	-1.0
0.231	-5000.0	1.0	-2500.0	-1.0
0.232	-5000.0	1.0	-2500.0	-1.0
0.233	-5000.0	1.0	-2500.0	-1.0
0.234	-5000.0	1.0	-2500.0	-1.0
0.235	-5000.0	1.0	-2500.0	-1.0
0.236	-5000.0	1.0	-2500.0	-1.0
0.237	-5000.0	1.0	-2500.0	-1.0
0.238	-5000.0	1.0	-2500.0	-1.0
0.239	-5000.0	1.0	-2500.0	-1.0
0.24	-5000.0	1.0	-2500.0	-1.0
0.241	-5000.0	1.0	-2500.0	-1.0
0.242	-5000.0	1.0	-2500.0	-1.0
0.243	-5000.0	1.0	-2500.0	-1.0
0.244	-5000.0	1.0	-2500.0	-1.0
0.245	-5000.0	1.0	-2500.0	-1.0
0.246	-5000.0	1.0	-2500.0	-1.0
0.247	-5000.0	1.0	-2500.0	-1.0
0.248	-5000.0	1.0	-2500.0	-1.0
0.249	-5000.0	1.0	-2500.0	-1.0
0.25	-5000.0	1.0	-2500.0	-1.0
0.251	-5000.0	1.0	-2500.0	-1.0
0.252	-5000.0	1.0	-2500.0	-1.0
0.253	-5000.0	1.0	-2500.0	-1.0
0.254	-5000.0	1.0	-2500.0	-1.0
0.255	-5000.0	1.0	-2500.0	-1.0
0.256	-5000.0	1.0	-2500.0	-1.0
0.257	-5000.0	1.0	-2500.0	-1.0
0.258	-5000.0	1.0	-2500.0	-1.0
0.259	-5000.0	1.0	-2500.0	-1.0
0.26	-5000.0	1.0	-2500.0	-1.0
0.261	-5000.0	1.0	-2500.0	-1.0
0.262	-5000.0	1.0	-2500.0	-1.0
0.263	-5000.0	1.0	-2500.0	-1.0
0.264	-5000.0	1.0	-2500.0	-1.0
0.265	-5000.0	1.0	-2500.0	-1.0
0.266	-5000.0	1.0	-2500.0	-1.0
0.267	-5000.0	1.0	-2500.0	-1.0
0.268	-5000.0	1.0	-2500.0	-1.0
0.269	-5000.0	1.0	-2500.0	-1.0
0.27	-5000.0	1.0	-2500.0	-1.0
0.271	-5000.0	1.0	-2500.0	-1.0
0.272	-5000.0	1.0	-2500.0	-1.0
0.273	-5000.0	1.0	-2500.0	-1.0
0.274	-5000.0	1.0	-2500.0	-1.0
0.275	-5000.0	1.0	-2500.0	-1.0
0.276	-5000.0	1.0	-2500.0	-1.0
0.277	-5000.0	1.0	-2500.0	-1.0
0.278	-5000.0	1.0	-2500.0	-1.0
0.279	-5000.0	1.0	-2500.0	-1.0
0.28	-4999.2	0.9998400000000001	-2499.8	-0.99992
0.281	-5000.0	1.0	-2500.0	-1.0
0.282	-5000.0	1.0	-2500.0	-1.0
0.283	-5000.0	1.0	-2500.0	-1.0
0.284	-5000.0	1.0	-2500.0	-1.0
0.285	-5000.0	1.0	-2500.0	-1.0
0.286	-5000.0	1.0	-2500.0	-1.0
0.287	-5000.0	1.0	-2500.0	-1.0
0.288	-5000.0	1.0	-2500.0	-1.0
0.289	-5000.0	1.0	-2500.0	-1.0
0.29	-5000.0	1.0	-2500.0	-1.0
0.291	-5000.0	1.0	-2500.0	-1.0
0.292	-5000.0	1.0	-2500.0	-1.0
0.293	-4999.2	0.9998400000000001	-2499.8	-0.99992
0.294	-5000.0	1.0	-2500.0	-1.0
0.295	-5000.0	1.0	-2500.0	-1.0
0.296	-5000.0	1.0	-2500.0	-1.0
0.297	-5000.0	1.0	-2500.0	-1.0
0.298	-5000.0	1.0	-2500.0	-1.0
0.299	-5000.0	1.0	-2500.0	-1.0
0.3	-5000.0	1.0	-2500.0	-1.0
0.301	-5000.0	1.0	-2500.0	-1.0
0.302	-5000.0	1.0	-2500.0	-1.0
0.303	-5000.0	1.0	-2500.0	-1.0
0.304	-5000.0	1.0	-2500.0	-1.0
0.305	-5000.0	1.0	-2500.0	-1.0
0.306	-5000.0	1.0	-2500.0	-1.0
0.307	-5000.0	1.0	-2500.0	-1.0
0.308	-5000.0	1.0	-2500.0	-1.0
0.309	-5000.0	1.0	-2500.0	-1.0
0.31	-5000.0	1.0	-2500.0	-1.0
0.311	-5000.0	1.0	-2500.0	-1.0
0.312	-4999.2	0.9998400000000001	-2499.8	-0.99992
0.313	-5000.0	1.0	-2500.0	-1.0
0.314	-5000.0	1.0	-2500.0	-1.0
0.315	-5000.0	1.0	-2500.0	-1.0
0.316	-4999.2	0.9998400000000001	-2499.8	-0.99992
0.317	-4999.2	0.9998400000000001	-2499.8	-0.99992
0.318	-5000.0	1.0	-2500.0	-1.0
0.319	-5000.0	1.0	-2500.0	-1.0
0.32	-5000.0	1.0	-2500.0	-1.0
0.321	-5000.0	1.0	-2500.0	-1.0
0.322	-5000.0	1.0	-2500.0	-1.0
0.323	-4999.2	0.9998400000000001	-2499.8	-0.99992
0.324	-5000.0	1.0	-2500.0	-1.0
0.325	-5000.0	1.0	-2500.0	-1.0
0.326	-5000.0	1.0	-2500.0	-1.0
0.327	-5000.0	1.0	-2500.0	-1.0
0.328	-5000.0	1.0	-2500.0	-1.0
0.329	-5000.0	1.0	-2500.0	-1.0
0.33	-5000.0	1.0	-2500.0	-1.0
0.331	-5000.0	1.0	-2500.0	-1.0
0.332	-5000.0	1.0	-2500.0	-1.0
0.333	-5000.0	1.0	-2500.0	-1.0
0.334	-4999.2	0.9998400000000001	-2499.8	-0.99992
0.335	-5000.0	1.0	-2500.0	-1.0
0.336	-5000.0	1.0	-2500.0	-1.0
0.337	-5000.0	1.0	-2500.0	-1.0
0.338	-5000.0	1.0	-2500.0	-1.0
0.339	-4998.4	0.99968	-2499.6	-0.9998400000000001
0.34	-5000.0	1.0	-2500.0	-1.0
0.341	-5000.0	1.0	-2500.0	-1.0
0.342	-5000.0	1.0	-2500.0	-1.0
0.343	-4998.4	0.99968	-2499.6	-0.9998400000000001
0.344	-5000.0	1.0	-2500.0	-1.0
0.345	-5000.0	1.0	-2500.0	-1.0
0.346	-5000.0	1.0	-2500.0	-1.0
0.347	-5000.0	1.0	-2500.0	-1.0
0.348	-5000.0	1.0	-2500.0	-1.0
0.349	-5000.0	1.0	-2500.0	-1.0
0.35	-5000.0	1.0	-2500.0	-1.0
0.351	-5000.0	1.0	-2500.0	-1.0
0.352	-5000.0	1.0	-2500.0	-1.0
0.353	-5000.0	1.0	-2500.0	-1.0
0.354	-5000.0	1.0	-2500.0	-1.0
0.355	-5000.0	1.0	-2500.0	-1.0
0.356	-5000.0	1.0	-2500.0	-1.0
0.357	-5000.0	1.0	-2500.0	-1.0
0.358	-5000.0	1.0	-2500.0	-1.0
0.359	-5000.0	1.0	-2500.0	-1.0
0.36	-5000.0	1.0	-2500.0	-1.0
0.361	-4999.2	0.9998400000000001	-2499.8	-0.99992
0.362	-5000.0	1.0	-2500.0	-1.0
0.363	-5000.0	1.0	-2500.0	-1.0
0.364	-4999.2	0.9998400000000001	-2499.8	-0.99992
0.365	-5000.0	1.0	-2500.0	-1.0
0.366	-5000.0	1.0	-2500.0	-1.0
0.367	-5000.0	1.0	-2500.0	-1.0
0.368	-4999.2	0.9998400000000001	-2499.8	-0.99992
0.369	-5000.0	1.0	-2500.0	-1.0
0.37	-4999.2	0.9998400000000001	-2499.8	-0.99992
0.371	-5000.0	1.0	-2500.0	-1.0
0.372	-5000.0	1.0	-2500.0	-1.0
0.373	-5000.0	1.0	-2500.0	-1.0
0.374	-5000.0	1.0	-2500.0	-1.0
0.375	-4998.4	0.99968	-2499.6	-0.9998400000000001
0.376	-4999.2	0.9998400000000001	-2499.8	-0.99992
0.377	-5000.0	1.0	-2500.0	-1.0
0.378	-5000.0	1.0	-2500.0	-1.0
0.379	-4999.2	0.9998400000000001	-2499.8	-0.99992
0.38	-5000.0	1.0	-2500.0	-1.0
0.381	-4999.2	0.9998400000000001	-2499.8	-0.99992
0.382	-4999.2	0.9998400000000001	-2499.8	-0.99992
0.383	-4999.2	0.9998400000000001	-2499.8	-0.99992
0.384	-4999.2	0.9998400000000001	-2499.8	-0.99992
0.385	-4999.2	0.9998400000000001	-2499.8	-0.99992
0.386	-5000.0	1.0	-2500.0	-1.0
0.387	-5000.0	1.0	-2500.0	-1.0
0.388	-4997.6	0.9995200000000001	-2499.4	-0.99976
0.389	-5000.0	1.0	-2500.0	-1.0
0.39	-4998.4	0.99968	-2499.6	-0.9998400000000001
0.391	-4999.2	0.9998400000000001	-2499.8	-0.99992
0.392	-5000.0	1.0	-2500.0	-1.0
0.393	-4999.2	0.9998400000000001	-2499.8	-0.99992
0.394	-5000.0	1.0	-2500.0	-1.0
0.395	-5000.0	1.0	-2500.0	-1.0
0.396	-4999.2	0.9998400000000001	-2499.8	-0.99992
0.397	-5000.0	1.0	-2500.0	-1.0
0.398	-4999.2	0.9998400000000001	-2499.8	-0.99992
0.399	-5000.0	1.0	-2500.0	-1.0
0.4	-4999.2	0.9998400000000001	-2499.8	-0.99992
0.401	-4999.2	0.9998400000000001	-2499.8	-0.99992
0.402	-4998.4	0.99968	-2499.6	-0.9998400000000001
0.403	-4998.4	0.99968	-2499.6	-0.9998400000000001
0.404	-4999.2	0.9998400000000001	-2499.8	-0.99992
0.405	-5000.0	1.0	-2500.0	-1.0
0.406	-5000.0	1.0	-2500.0	-1.0
0.407	-4999.2	0.9998400000000001	-2499.8	-0.99992
0.408	-5000.0	1.0	-2500.0	-1.0
0.409	-4999.2	0.9998400000000001	-2499.8	-0.99992
0.41	-4998.4	0.99968	-2499.6	-0.9998400000000001
0.411	-4998.4	0.99968	-2499.6	-0.9998400000000001
0.412	-4999.2	0.9998400000000001	-2499.8	-0.99992
0.413	-4999.2	0.9998400000000001	-2499.8	-0.99992
0.414	-4999.2	0.9998400000000001	-2499.8	-0.99992
0.415	-4998.4	0.99968	-2499.6	-0.9998400000000001
0.416	-4998.4	0.99968	-2499.6	-0.9998400000000001
0.417	-4998.4	0.99968	-2499.6	-0.9998400000000001
0.418	-4999.2	0.9998400000000001	-2499.8	-0.99992
0.419	-4998.4	0.99968	-2499.6	-0.9998400000000001
0.42	-4999.2	0.9998400000000001	-2499.8	-0.99992
0.421	-4998.4	0.99968	-2499.6	-0.9998400000000001
0.422	-5000.0	1.0	-2500.0	-1.0
0.423	-4996.8	0.99936	-2499.2	-0.99968
0.424	-4997.6	0.9995200000000001	-2499.4	-0.99976
0.425	-4999.2	0.9998400000000001	-2499.8	-0.99992
0.426	-4999.2	0.9998400000000001	-2499.8	-0.99992
0.427	-4999.2	0.9998400000000001	-2499.8	-0.99992
0.428	-4999.2	0.9998400000000001	-2499.8	-0.99992
0.429	-4999.2	0.9998400000000001	-2499.8	-0.99992
0.43	-4997.2	0.9993599999999999	-2499.2	-0.99968
0.431	-4998.4	0.99968	-2499.6	-0.9998400000000001
0.432	-4999.2	0.9998400000000001	-2499.8	-0.99992
0.433	-4997.6	0.9995200000000001	-2499.4	-0.99976
0.434	-5000.0	1.0	-2500.0	-1.0
0.435	-4994.8	0.9990400000000002	-2498.6	-0.9994400000000001
0.436	-4996.0	0.9992000000000001	-2499.0	-0.9996
0.437	-4997.6	0.9995200000000001	-2499.4	-0.99976
0.438	-4996.8	0.99936	-2499.2	-0.99968
0.439	-4996.0	0.9992000000000001	-2499.0	-0.9996
0.44	-4999.2	0.9998400000000001	-2499.8	-0.99992
0.441	-4997.2	0.9995200000000001	-2499.2	-0.99968
0.442	-4992.8	0.9985600000000001	-2498.2	-0.9992800000000001
0.443	-4998.4	0.99968	-2499.6	-0.9998400000000001
0.444	-4997.6	0.9995200000000001	-2499.4	-0.99976
0.445	-4997.6	0.9995200000000001	-2499.4	-0.99976
0.446	-4996.0	0.9992000000000001	-2499.0	-0.9996
0.447	-5000.0	1.0	-2500.0	-1.0
0.448	-4996.8	0.99936	-2499.2	-0.99968
0.449	-5000.0	1.0	-2500.0	-1.0
0.45	-4997.6	0.9995200000000001	-2499.4	-0.99976
0.451	-4993.6	0.9987199999999999	-2498.4	-0.99936
0.452	-4996.0	0.9992000000000001	-2499.0	-0.9996
0.453	-4996.8	0.99936	-2499.2	-0.99968
0.454	-4994.4	0.9988800000000001	-2498.6	-0.9994400000000001
0.455	-4996.0	0.9992000000000001	-2499.0	-0.9996
0.456	-4995.2	0.9990400000000002	-2498.8	-0.9995199999999999
0.457	-4996.8	0.99936	-2499.2	-0.99968
0.458	-4995.2	0.9990400000000002	-2498.8	-0.9995200000000001
0.459	-4997.2	0.99936	-2499.2	-0.99968
0.46	-4997.6	0.9995200000000001	-2499.4	-0.99976
0.461	-4996.8	0.99936	-2499.2	-0.99968
0.462	-4997.6	0.9995200000000001	-2499.4	-0.99976
0.463	-4996.8	0.99936	-2499.2	-0.99968
0.464	-4996.0	0.9992000000000001	-2499.0	-0.9996
0.465	-4995.2	0.9990400000000002	-2498.8	-0.9995200000000001
0.466	-4997.6	0.9995200000000001	-2499.4	-0.99976
0.467	-4995.2	0.9990400000000002	-2498.8	-0.9995200000000001
0.468	-4997.6	0.9995200000000001	-2499.4	-0.99976
0.469	-4995.2	0.9990400000000002	-2498.8	-0.9995200000000001
0.47	-4997.6	0.9995200000000001	-2499.4	-0.99976
0.471	-4996.8	0.99936	-2499.2	-0.99968
0.472	-4998.4	0.99968	-2499.6	-0.9998400000000001
0.473	-4997.6	0.9995200000000001	-2499.4	-0.99976
0.474	-4995.2	0.9990399999999999	-2498.8	-0.9995200000000001
0.475	-4995.2	0.9990400000000002	-2498.8	-0.9995200000000001
0.476	-4996.0	0.9991999999999999	-2499.0	-0.9996
0.477	-4994.4	0.99888	-2498.6	-0.9994400000000001
0.478	-4994.8	0.99888	-2498.6	-0.9994400000000001
0.479	-4995.6	0.9992000000000001	-2498.8	-0.9995200000000001
0.48	-4993.6	0.9987200000000002	-2498.4	-0.99936
0.481	-4995.2	0.9990400000000002	-2498.8	-0.9995200000000001
0.482	-4998.4	0.99968	-2499.6	-0.9998400000000001
0.483	-4994.4	0.9988800000000001	-2498.6	-0.9994400000000001
0.484	-4996.0	0.9992000000000001	-2499.0	-0.9996
0.485	-4991.2	0.99824	-2497.8	-0.9991199999999999
0.486	-4993.6	0.9987199999999999	-2498.4	-0.99936
0.487	-4995.2	0.9990400000000002	-2498.8	-0.9995200000000001
0.488	-4998.4	0.99968	-2499.6	-0.9998400000000001
0.489	-4992.0	0.9984	-2498.0	-0.9991999999999999
0.49	-4993.6	0.9987200000000002	-2498.4	-0.99936
0.491	-4996.0	0.9992000000000001	-2499.0	-0.9996
0.492	-4996.0	0.9992000000000001	-2499.0	-0.9996
0.493	-4994.8	0.99888	-2498.6	-0.9994400000000001
0.494	-4993.6	0.9987199999999999	-2498.4	-0.99936
0.495	-4992.8	0.9985600000000001	-2498.2	-0.9992800000000001
0.496	-4992.8	0.9985600000000001	-2498.2	-0.9992800000000001
0.497	-4993.6	0.9987200000000002	-2498.4	-0.99936
0.498	-4992.0	0.9984	-2498.0	-0.9992000000000001
0.499	-4993.6	0.9987200000000002	-2498.4	-0.99936
0.5	-4993.6	0.9987199999999999	-2498.4	-0.99936
0.501	-4992.0	0.9984000000000002	-2498.0	-0.9992000000000001
0.502	-4990.4	0.9980800000000001	-2497.6	-0.9990400000000002
0.503	-4994.0	0.99888	-2498.4	-0.9993599999999999
0.504	-4985.6	0.9972799999999999	-2496.2	-0.99848
0.505	-4994.4	0.9988800000000001	-2498.6	-0.9994400000000001
0.506	-4994.4	0.9988800000000001	-2498.6	-0.9994400000000001
0.507	-4992.0	0.9984	-2498.0	-0.9992000000000001
0.508	-4986.4	0.9972800000000002	-2496.6	-0.99864
0.509	-4992.8	0.99856	-2498.2	-0.9992800000000001
0.51	-4992.0	0.9984	-2498.0	-0.9992000000000001
0.511	-4994.4	0.9988800000000001	-2498.6	-0.9994400000000001
0.512	-4987.6	0.9974400000000001	-2496.8	-0.9987199999999999
0.513	-4992.4	0.99856	-2498.0	-0.9991999999999999
0.514	-4989.6	0.99792	-2497.4	-0.99896
0.515	-4992.4	0.99856	-2498.0	-0.9992000000000001
0.516	-4989.6	0.9979199999999999	-2497.4	-0.99896
0.517	-4994.4	0.9988800000000001	-2498.6	-0.9994400000000001
0.518	-4989.2	0.99792	-2497.2	-0.99888
0.519	-4987.6	0.9974399999999999	-2496.8	-0.9987200000000002
0.52	-4994.4	0.9988800000000001	-2498.6	-0.9994400000000001
0.521	-4989.6	0.99792	-2497.4	-0.99896
0.522	-4991.2	0.9982399999999998	-2497.8	-0.9991200000000001
0.523	-4989.2	0.9977599999999999	-2497.2	-0.99888
0.524	-4992.0	0.9984000000000002	-2498.0	-0.9991999999999999
0.525	-4980.8	0.9960000000000001	-2495.0	-0.998
0.526	-4996.0	0.9992000000000001	-2499.0	-0.9996
0.527	-4991.2	0.9982400000000002	-2497.6	-0.9990399999999999
0.528	-4985.2	0.99696	-2496.2	-0.99848
0.529	-4983.6	0.9968000000000001	-2495.8	-0.99832
0.53	-4989.2	0.9979200000000003	-2497.0	-0.9988000000000001
0.531	-4983.2	0.99664	-2495.6	-0.99824
0.532	-4989.2	0.99792	-2497.2	-0.99888
0.533	-4987.6	0.9974400000000001	-2496.8	-0.9987199999999999
0.534	-4987.6	0.9976	-2496.8	-0.9987199999999999
0.535	-4990.0	0.9980800000000002	-2497.4	-0.9989600000000001
0.536	-4985.6	0.99712	-2496.2	-0.99848
0.537	-4986.8	0.9974400000000001	-2496.6	-0.99864
0.538	-4992.8	0.9985600000000001	-2498.2	-0.9992800000000001
0.539	-4982.4	0.99648	-2495.4	-0.9981600000000002
0.54	-4988.8	0.9977600000000001	-2497.2	-0.99888
0.541	-4987.6	0.9974400000000001	-2496.8	-0.9987199999999999
0.542	-4986.8	0.9972800000000002	-2496.6	-0.99864
0.543	-4987.2	0.9974400000000001	-2496.8	-0.9987200000000002
0.544	-4987.6	0.9975999999999999	-2496.8	-0.9987199999999999
0.545	-4988.0	0.9976	-2497.0	-0.9988000000000001
0.546	-4985.6	0.99712	-2496.4	-0.99856
0.547	-4989.6	0.99792	-2497.2	-0.99888
0.548	-4985.6	0.9971200000000001	-2496.2	-0.99848
0.549	-4982.8	0.99648	-2495.4	-0.99816
0.55	-4989.2	0.9977599999999999	-2497.2	-0.99888
0.551	-4982.0	0.99664	-2495.2	-0.9980800000000001
0.552	-4984.0	0.9968	-2496.0	-0.9984
0.553	-4979.6	0.99584	-2494.8	-0.99792
0.554	-4985.2	0.99712	-2496.2	-0.99848
0.555	-4987.2	0.9974400000000001	-2496.8	-0.9987200000000002
0.556	-4987.2	0.9974400000000001	-2496.8	-0.9987199999999999
0.557	-4981.2	0.99616	-2495.2	-0.9980800000000001
0.558	-4987.6	0.9974399999999999	-2496.6	-0.99864
0.559	-4987.6	0.9974399999999999	-2496.8	-0.9987199999999999
0.56	-4978.0	0.9956800000000001	-2494.4	-0.9977600000000001
0.561	-4980.8	0.9960000000000001	-2495.0	-0.998
0.562	-4980.0	0.9960000000000001	-2495.0	-0.998
0.563	-4977.6	0.9955200000000002	-2494.0	-0.9976
0.564	-4980.8	0.99616	-2495.0	-0.998
0.565	-4977.6	0.9955200000000002	-2494.2	-0.9976800000000001
0.566	-4971.2	0.9944000000000001	-2492.6	-0.9970400000000001
0.567	-4978.8	0.9956799999999999	-2494.4	-0.9977600000000001
0.568	-4977.2	0.9955200000000002	-2494.0	-0.9976
0.569	-4973.2	0.99472	-2493.0	-0.9972000000000001
0.57	-4972.8	0.9945600000000002	-2493.0	-0.9972000000000001
0.571	-4980.0	0.9960000000000001	-2495.0	-0.998
0.572	-4976.8	0.99536	-2494.0	-0.9976
0.573	-4984.8	0.9969600000000002	-2496.0	-0.9984
0.574	-4979.6	0.9960000000000001	-2494.6	-0.9978400000000001
0.575	-4974.8	0.9952	-2493.4	-0.9973600000000001
0.576	-4980.8	0.99616	-2495.0	-0.998
0.577	-4977.6	0.9952000000000002	-2494.0	-0.9976
0.578	-4977.6	0.99536	-2494.2	-0.9976800000000001
0.579	-4981.6	0.9963200000000001	-2495.2	-0.9980800000000001
0.58	-4978.0	0.9956800000000001	-2494.4	-0.9977600000000001
0.581	-4972.8	0.9945599999999999	-2493.0	-0.9972000000000001
0.582	-4976.8	0.9955200000000002	-2493.6	-0.9974400000000001
0.583	-4977.2	0.9955200000000002	-2493.8	-0.9975200000000001
0.584	-4975.2	0.99504	-2493.6	-0.9974400000000001
0.585	-4978.0	0.9956800000000001	-2494.2	-0.9976800000000001
0.586	-4978.0	0.99536	-2494.0	-0.9976
0.587	-4979.6	0.9960000000000001	-2494.8	-0.99792
0.588	-4970.0	0.9940800000000001	-2492.2	-0.99688
0.589	-4969.2	0.99408	-2491.8	-0.9967200000000002
0.59	-4966.8	0.99328	-2490.8	-0.9963200000000001
0.591	-4978.4	0.9956800000000001	-2494.6	-0.9978400000000001
0.592	-4972.4	0.9944000000000001	-2493.0	-0.9972
0.593	-4976.0	0.9953600000000001	-2493.8	-0.9975200000000001
0.594	-4968.8	0.99376	-2492.0	-0.9968
0.595	-4972.0	0.9942400000000001	-2492.8	-0.9971200000000001
0.596	-4981.2	0.99616	-2495.2	-0.9980800000000001
0.597	-4975.6	0.9950400000000001	-2493.2	-0.9972800000000002
0.598	-4967.2	0.99344	-2491.4	-0.99656
0.599	-4975.2	0.99504	-2493.6	-0.9974400000000001
0.6	-4972.8	0.9948799999999999	-2492.6	-0.9970399999999999
0.601	-4968.4	0.9935999999999998	-2491.4	-0.9965600000000002
0.602	-4973.2	0.9947199999999998	-2493.2	-0.9972799999999999
0.603	-4972.0	0.9944000000000001	-2492.8	-0.99712
0.604	-4973.6	0.9947200000000003	-2493.0	-0.9972
0.605	-4973.6	0.9945600000000001	-2493.2	-0.9972800000000002
0.606	-4961.6	0.9921599999999999	-2490.2	-0.9960800000000001
0.607	-4977.2	0.99552	-2494.0	-0.9976
0.608	-4967.2	0.99344	-2491.4	-0.99656
0.609	-4966.4	0.9932800000000002	-2491.0	-0.9964000000000001
0.61	-4956.0	0.9912000000000001	-2488.6	-0.99544
0.611	-4977.2	0.99552	-2494.0	-0.9976
0.612	-4959.2	0.9916799999999999	-2489.2	-0.9956799999999999
0.613	-4968.4	0.99376	-2491.6	-0.99664
0.614	-4967.6	0.99376	-2491.2	-0.99648
0.615	-4962.4	0.9921599999999999	-2490.0	-0.9960000000000001
0.616	-4966.0	0.99312	-2491.2	-0.99648
0.617	-4964.8	0.9929600000000001	-2491.0	-0.9964000000000001
0.618	-4972.8	0.9945600000000001	-2493.2	-0.9972800000000002
0.619	-4966.0	0.99312	-2491.2	-0.99648
0.62	-4972.0	0.9944000000000001	-2492.8	-0.9971200000000001
0.621	-4969.2	0.99408	-2491.8	-0.99672
0.622	-4963.6	0.9929600000000001	-2490.2	-0.9960799999999999
0.623	-4976.8	0.9953600000000001	-2494.2	-0.9976800000000001
0.624	-4961.2	0.99232	-2490.2	-0.9960800000000001
0.625	-4968.0	0.9934399999999999	-2491.8	-0.9967200000000002
0.626	-4962.8	0.9927999999999999	-2490.0	-0.9960000000000001
0.627	-4966.0	0.9927999999999999	-2490.8	-0.9963200000000001
0.628	-4956.8	0.9910400000000001	-2488.6	-0.99544
0.629	-4967.2	0.9936	-2491.6	-0.99664
0.63	-4962.8	0.9924799999999999	-2490.6	-0.9962400000000002
0.631	-4954.8	0.9908800000000001	-2487.2	-0.99488
0.632	-4955.6	0.9911999999999999	-2488.6	-0.9954400000000001
0.633	-4954.0	0.99056	-2488.0	-0.9952
0.634	-4959.2	0.9918400000000002	-2489.4	-0.99576
0.635	-4946.0	0.9889600000000002	-2485.4	-0.9941599999999999
0.636	-4960.8	0.9921599999999999	-2489.8	-0.9959200000000002
0.637	-4946.4	0.9892799999999999	-2486.0	-0.9944
0.638	-4959.2	0.99168	-2489.4	-0.99576
0.639	-4955.6	0.9910399999999999	-2488.2	-0.9952800000000002
0.64	-4963.2	0.9924800000000001	-2490.6	-0.99624
0.641	-4964.8	0.9929599999999998	-2491.0	-0.9964000000000001
0.642	-4955.2	0.9910399999999999	-2487.8	-0.99512
0.643	-4947.2	0.9892800000000002	-2486.0	-0.9944000000000001
0.644	-4956.4	0.9913599999999999	-2488.4	-0.9953600000000001
0.645	-4958.0	0.9915199999999998	-2489.2	-0.9956800000000001
0.646	-4960.8	0.9921600000000002	-2489.8	-0.9959199999999999
0.647	-4953.6	0.9904	-2487.6	-0.99504
0.648	-4946.0	0.98912	-2486.0	-0.9944000000000001
0.649	-4945.2	0.98896	-2485.8	-0.9943199999999999
0.65	-4962.8	0.9926400000000001	-2490.4	-0.99616
0.651	-4936.8	0.9876800000000001	-2482.8	-0.99312
0.652	-4955.6	0.9910399999999999	-2488.2	-0.9952799999999999
0.653	-4957.2	0.9915199999999998	-2488.8	-0.9955200000000002
0.654	-4942.0	0.9883200000000001	-2485.0	-0.994
0.655	-4955.2	0.9910399999999999	-2487.8	-0.99512
0.656	-4954.8	0.9907199999999999	-2488.2	-0.9952800000000002
0.657	-4943.6	0.9883200000000001	-2485.2	-0.99408
0.658	-4959.2	0.9916800000000002	-2489.4	-0.9957600000000001
0.659	-4944.0	0.98848	-2485.0	-0.994
0.66	-4948.4	0.98992	-2486.2	-0.9944799999999999
0.661	-4956.0	0.9912000000000001	-2488.4	-0.99536
0.662	-4936.4	0.9873600000000001	-2482.6	-0.99304
0.663	-4940.4	0.9881599999999999	-2484.6	-0.99384
0.664	-4950.4	0.99024	-2486.8	-0.99472
0.665	-4962.4	0.9928000000000001	-2489.8	-0.9959200000000001
0.666	-4946.4	0.98912	-2486.0	-0.9944000000000001
0.667	-4928.4	0.98576	-2479.8	-0.9919200000000001
0.668	-4936.4	0.9871999999999999	-2482.4	-0.9929600000000001
0.669	-4942.4	0.9888	-2483.6	-0.99344
0.67	-4945.6	0.9895999999999999	-2485.4	-0.9941600000000002
0.671	-4932.0	0.9864	-2481.8	-0.9927199999999999
0.672	-4939.6	0.9883200000000001	-2483.4	-0.99336
0.673	-4939.6	0.9879999999999999	-2484.6	-0.99384
0.674	-4955.2	0.9910399999999999	-2488.0	-0.9952000000000002
0.675	-4922.8	0.9846400000000001	-2479.0	-0.9915999999999998
0.676	-4937.6	0.9876800000000001	-2483.4	-0.9933599999999998
0.677	-4938.0	0.9876799999999999	-2483.4	-0.99336
0.678	-4926.4	0.98544	-2480.8	-0.9923200000000001
0.679	-4928.4	0.9856	-2481.0	-0.9924000000000002
0.68	-4935.6	0.9872	-2483.2	-0.99328
0.681	-4932.8	0.9867199999999998	-2482.4	-0.9929600000000001
0.682	-4920.8	0.9843199999999998	-2478.4	-0.99136
0.683	-4935.2	0.9871999999999999	-2482.0	-0.9928000000000002
0.684	-4933.6	0.9864	-2482.4	-0.9929600000000001
0.685	-4943.6	0.98864	-2485.2	-0.99408
0.686	-4929.2	0.9859199999999999	-2480.6	-0.99224
0.687	-4919.6	0.98432	-2477.8	-0.9911199999999999
0.688	-4937.2	0.9878399999999999	-2482.8	-0.9931199999999999
0.689	-4941.2	0.98816	-2484.6	-0.99384
0.69	-4921.2	0.9844800000000001	-2478.4	-0.9913599999999999
0.691	-4922.0	0.9843200000000001	-2479.2	-0.99168
0.692	-4930.8	0.9863999999999999	-2481.8	-0.9927199999999999
0.693	-4941.6	0.9883200000000001	-2484.6	-0.99384
0.694	-4926.0	0.98512	-2481.0	-0.9924000000000002
0.695	-4928.8	0.9859199999999999	-2481.6	-0.9926400000000001
0.696	-4918.0	0.98336	-2478.4	-0.9913599999999999
0.697	-4907.6	0.9815999999999999	-2475.4	-0.9901599999999998
0.698	-4924.8	0.98512	-2480.0	-0.992
0.699	-4914.4	0.9830400000000001	-2477.2	-0.9908800000000001
0.7	-4922.4	0.9846400000000001	-2478.8	-0.9915199999999998
0.701	-4911.2	0.98224	-2475.6	-0.99024
0.702	-4928.4	0.98528	-2480.6	-0.99224
0.703	-4912.8	0.9827199999999999	-2476.4	-0.99056
0.704	-4917.2	0.9839999999999998	-2476.8	-0.9907200000000002
0.705	-4910.8	0.98224	-2475.0	-0.99
0.706	-4912.4	0.98256	-2476.8	-0.9907199999999999
0.707	-4915.2	0.9828800000000001	-2477.2	-0.99088
0.708	-4902.8	0.98016	-2473.8	-0.98952
0.709	-4917.2	0.98384	-2478.2	-0.9912799999999999
0.71	-4906.8	0.9812800000000002	-2474.8	-0.98992
0.711	-4912.0	0.9817600000000001	-2476.0	-0.9904
0.712	-4914.0	0.98288	-2476.6	-0.9906400000000002
0.713	-4905.2	0.9812799999999999	-2474.4	-0.9897599999999999
0.714	-4909.6	0.98192	-2475.0	-0.99
0.715	-4919.6	0.984	-2478.4	-0.9913599999999999
0.716	-4909.2	0.98224	-2475.0	-0.99
0.717	-4896.0	0.97904	-2472.4	-0.9889600000000002
0.718	-4906.0	0.9816	-2474.2	-0.9896799999999999
0.719	-4915.6	0.9827200000000001	-2476.6	-0.99064
0.72	-4917.6	0.9838399999999998	-2477.8	-0.9911199999999999
0.721	-4902.0	0.98064	-2473.6	-0.9894399999999999
0.722	-4902.0	0.9803200000000001	-2474.0	-0.9896
0.723	-4884.4	0.9768000000000001	-2468.0	-0.9872
0.724	-4918.8	0.9841599999999999	-2478.4	-0.9913599999999999
0.725	-4888.8	0.97872	-2470.0	-0.9879999999999999
0.726	-4902.4	0.9804799999999998	-2474.0	-0.9896
0.727	-4896.8	0.97904	-2470.0	-0.9880000000000001
0.728	-4903.6	0.9808	-2473.8	-0.98952
0.729	-4888.8	0.9777600000000002	-2468.0	-0.9872
0.73	-4881.2	0.9763200000000001	-2467.0	-0.9868
0.731	-4913.6	0.9831999999999999	-2477.2	-0.9908800000000001
0.732	-4878.8	0.97568	-2466.4	-0.9865600000000001
0.733	-4887.6	0.9768000000000001	-2467.0	-0.9867999999999999
0.734	-4906.4	0.98112	-2474.2	-0.9896800000000002
0.735	-4890.8	0.9785600000000001	-2470.2	-0.9880800000000001
0.736	-4888.0	0.97808	-2470.0	-0.9879999999999999
0.737	-4888.4	0.9776000000000001	-2467.8	-0.98712
0.738	-4911.6	0.98224	-2475.6	-0.99024
0.739	-4898.8	0.9795200000000002	-2472.4	-0.9889599999999998
0.74	-4866.4	0.9728	-2462.4	-0.9849599999999998
0.741	-4890.8	0.9783999999999999	-2470.4	-0.98816
0.742	-4870.8	0.97424	-2464.4	-0.9857599999999997
0.743	-4880.8	0.9766400000000001	-2466.2	-0.9864800000000002
0.744	-4890.4	0.9779199999999999	-2470.0	-0.9879999999999999
0.745	-4897.6	0.9796800000000001	-2471.8	-0.98872
0.746	-4880.8	0.9761600000000001	-2467.4	-0.9869600000000001
0.747	-4869.6	0.97424	-2461.6	-0.9846400000000001
0.748	-4885.6	0.9772799999999998	-2469.0	-0.9875999999999999
0.749	-4890.4	0.9777600000000002	-2470.6	-0.98824
0.75	-4872.4	0.9747199999999999	-2465.4	-0.9861599999999999
0.751	-4869.2	0.9734399999999999	-2462.2	-0.9848800000000001
0.752	-4870.4	0.97392	-2463.0	-0.9852000000000001
0.753	-4872.4	0.9753599999999999	-2461.6	-0.9846400000000001
0.754	-4876.8	0.9752000000000001	-2466.4	-0.9865599999999999
0.755	-4860.4	0.9723200000000001	-2461.8	-0.9847199999999999
0.756	-4890.4	0.97872	-2470.6	-0.9882399999999999
0.757	-4870.4	0.9737599999999998	-2463.8	-0.98552
0.758	-4868.8	0.97392	-2464.4	-0.98576
0.759	-4904.4	0.9803200000000001	-2473.2	-0.9892799999999999
0.76	-4859.2	0.9719999999999999	-2459.0	-0.9836
0.761	-4866.4	0.9735999999999999	-2463.6	-0.98544
0.762	-4834.4	0.9663999999999999	-2453.4	-0.9813600000000001
0.763	-4852.0	0.9702399999999999	-2460.2	-0.98408
0.764	-4851.6	0.9699199999999999	-2458.0	-0.9831999999999999
0.765	-4880.8	0.9763200000000001	-2468.2	-0.9872799999999999
0.766	-4858.8	0.9716799999999998	-2460.2	-0.98408
0.767	-4855.6	0.97104	-2460.8	-0.98432
0.768	-4857.6	0.9716799999999999	-2459.8	-0.9839200000000001
0.769	-4851.6	0.9704	-2458.4	-0.9833599999999999
0.77	-4869.2	0.9731200000000001	-2462.8	-0.9851199999999999
0.771	-4867.2	0.9734400000000001	-2463.2	-0.98528
0.772	-4847.2	0.9687999999999999	-2457.4	-0.98296
0.773	-4845.6	0.96912	-2457.0	-0.9828000000000001
0.774	-4851.2	0.9699199999999999	-2457.6	-0.9830399999999999
0.775	-4843.6	0.9694399999999999	-2455.0	-0.982
0.776	-4860.4	0.9716800000000001	-2461.6	-0.9846400000000001
0.777	-4832.4	0.9672000000000001	-2454.0	-0.9816
0.778	-4836.4	0.9670399999999999	-2454.4	-0.9817600000000001
0.779	-4865.6	0.9736	-2462.8	-0.98512
0.78	-4851.2	0.9696	-2458.2	-0.98328
0.781	-4869.6	0.97392	-2464.2	-0.98568
0.782	-4860.8	0.9721599999999999	-2461.4	-0.9845599999999999
0.783	-4844.4	0.9691199999999999	-2456.4	-0.98256
0.784	-4840.4	0.96768	-2456.0	-0.9823999999999999
0.785	-4836.8	0.9670400000000001	-2455.2	-0.9820800000000001
0.786	-4822.8	0.9648	-2450.0	-0.9800000000000001
0.787	-4856.4	0.9713599999999998	-2457.2	-0.98288
0.788	-4824.8	0.9640000000000001	-2449.2	-0.9796800000000001
0.789	-4845.2	0.96944	-2457.0	-0.9828000000000001
0.79	-4836.0	0.9670400000000001	-2453.0	-0.9811999999999997
0.791	-4855.2	0.9718399999999999	-2460.0	-0.984
0.792	-4808.0	0.96112	-2444.4	-0.97776
0.793	-4820.8	0.96416	-2448.6	-0.9794400000000001
0.794	-4846.0	0.9681599999999999	-2456.8	-0.9827200000000001
0.795	-4839.6	0.9678400000000001	-2455.0	-0.982
0.796	-4837.6	0.9675199999999998	-2453.4	-0.9813600000000001
0.797	-4836.4	0.96752	-2454.6	-0.98184
0.798	-4810.4	0.9616	-2445.6	-0.9782400000000001
0.799	-4824.4	0.96416	-2449.0	-0.9795999999999999
0.8	-4820.4	0.9644799999999998	-2449.2	-0.9796799999999999
0.801	-4803.6	0.96128	-2444.6	-0.9778399999999999
0.802	-4806.0	0.96176	-2443.2	-0.97728
0.803	-4836.8	0.96688	-2454.2	-0.9816800000000001
0.804	-4824.0	0.96592	-2451.0	-0.9804
0.805	-4813.2	0.96272	-2446.2	-0.97848
0.806	-4822.8	0.9652799999999999	-2451.4	-0.98056
0.807	-4805.2	0.96064	-2444.0	-0.9776000000000001
0.808	-4817.6	0.9643200000000001	-2448.2	-0.9792800000000002
0.809	-4832.4	0.9664000000000001	-2451.0	-0.9803999999999998
0.81	-4800.4	0.96032	-2442.8	-0.97712
0.811	-4812.4	0.9611199999999999	-2446.4	-0.9785599999999999
0.812	-4808.0	0.96144	-2445.4	-0.9781600000000001
0.813	-4804.0	0.9603200000000001	-2440.8	-0.97632
0.814	-4801.2	0.95968	-2443.2	-0.97728
0.815	-4808.4	0.9614400000000002	-2444.4	-0.9777600000000002
0.816	-4831.2	0.96592	-2452.8	-0.98112
0.817	-4816.0	0.96304	-2449.0	-0.9795999999999999
0.818	-4792.4	0.9584000000000001	-2440.6	-0.9762400000000001
0.819	-4804.4	0.9608000000000001	-2443.4	-0.9773600000000002
0.82	-4798.0	0.96032	-2441.6	-0.9766400000000001
0.821	-4779.6	0.9551999999999999	-2435.2	-0.9740800000000001
0.822	-4794.8	0.9587199999999999	-2439.6	-0.97584
0.823	-4783.2	0.95712	-2436.2	-0.97448
0.824	-4776.8	0.95504	-2434.2	-0.9736799999999999
0.825	-4786.8	0.95712	-2438.4	-0.9753599999999999
0.826	-4789.2	0.9582400000000002	-2437.0	-0.9748000000000001
0.827	-4787.6	0.9582400000000002	-2438.6	-0.9754400000000001
0.828	-4768.4	0.95312	-2433.4	-0.9733600000000001
0.829	-4793.2	0.9592	-2440.8	-0.9763200000000001
0.83	-4762.4	0.9521599999999999	-2431.2	-0.9724799999999998
0.831	-4774.8	0.9555199999999999	-2434.4	-0.9737600000000001
0.832	-4780.8	0.9563200000000002	-2435.6	-0.97424
0.833	-4774.0	0.9539200000000001	-2435.4	-0.97416
0.834	-4758.4	0.95184	-2430.6	-0.97224
0.835	-4768.0	0.9528000000000001	-2430.4	-0.97216
0.836	-4767.6	0.95408	-2431.8	-0.97272
0.837	-4786.8	0.9574399999999998	-2440.0	-0.976
0.838	-4758.8	0.95152	-2428.0	-0.9712000000000002
0.839	-4762.8	0.9527999999999999	-2431.6	-0.9726399999999998
0.84	-4785.6	0.9566399999999998	-2437.4	-0.97496
0.841	-4770.8	0.95344	-2432.8	-0.97312
0.842	-4752.0	0.95024	-2426.2	-0.9704799999999999
0.843	-4745.2	0.9492799999999999	-2425.6	-0.9702400000000001
0.844	-4758.0	0.9511999999999998	-2426.0	-0.9704
0.845	-4760.0	0.9523199999999999	-2430.2	-0.97208
0.846	-4758.0	0.95152	-2430.6	-0.9722399999999999
0.847	-4736.8	0.94704	-2424.2	-0.9696799999999998
0.848	-4748.8	0.9499200000000002	-2427.4	-0.9709600000000002
0.849	-4737.6	0.9457599999999999	-2423.8	-0.9695199999999999
0.85	-4730.8	0.9468800000000002	-2416.8	-0.9667199999999999
0.851	-4730.4	0.9456000000000001	-2419.2	-0.9676800000000002
0.852	-4753.6	0.95008	-2426.2	-0.97048
0.853	-4776.0	0.9556800000000001	-2435.2	-0.9740800000000001
0.854	-4753.2	0.9499199999999999	-2424.8	-0.9699200000000001
0.855	-4734.8	0.9459199999999999	-2424.0	-0.9696
0.856	-4757.6	0.9512	-2424.2	-0.96968
0.857	-4744.0	0.9486399999999999	-2422.8	-0.9691199999999999
0.858	-4755.2	0.9505600000000001	-2426.4	-0.9705600000000001
0.859	-4742.4	0.9483199999999998	-2422.2	-0.9688799999999999
0.86	-4713.6	0.9423999999999999	-2414.4	-0.9657600000000001
0.861	-4736.4	0.94672	-2421.8	-0.96872
0.862	-4727.6	0.94512	-2418.4	-0.9673599999999999
0.863	-4723.2	0.94672	-2415.4	-0.96616
0.864	-4712.8	0.9428799999999999	-2413.8	-0.96552
0.865	-4723.6	0.94528	-2419.8	-0.96792
0.866	-4713.6	0.9406400000000001	-2415.2	-0.96608
0.867	-4728.8	0.9476800000000001	-2421.8	-0.9687199999999999
0.868	-4698.0	0.9409599999999999	-2411.8	-0.96472
0.869	-4718.8	0.9444800000000001	-2416.8	-0.9667199999999999
0.87	-4728.8	0.9465599999999998	-2417.2	-0.9668800000000001
0.871	-4696.0	0.9393600000000001	-2410.4	-0.96416
0.872	-4697.6	0.93904	-2407.8	-0.96312
0.873	-4719.2	0.94352	-2417.2	-0.9668800000000001
0.874	-4667.2	0.93424	-2399.4	-0.95976
0.875	-4702.4	0.94016	-2412.4	-0.9649599999999999
0.876	-4723.6	0.94464	-2421.6	-0.9686400000000001
0.877	-4690.8	0.9382400000000001	-2406.0	-0.9623999999999999
0.878	-4657.6	0.9315199999999999	-2392.0	-0.9568000000000001
0.879	-4702.8	0.9420800000000001	-2411.0	-0.9644
0.88	-4722.8	0.94464	-2418.6	-0.9674399999999999
0.881	-4712.4	0.9436800000000002	-2415.6	-0.96624
0.882	-4674.0	0.9347199999999999	-2403.6	-0.96144
0.883	-4701.6	0.94032	-2411.0	-0.9643999999999998
0.884	-4692.4	0.93872	-2408.2	-0.9632799999999999
0.885	-4693.2	0.9383999999999999	-2408.6	-0.96344
0.886	-4655.2	0.932	-2396.4	-0.9585600000000001
0.887	-4669.6	0.9339200000000002	-2402.6	-0.9610399999999999
0.888	-4678.4	0.9352	-2404.0	-0.9616
0.889	-4667.6	0.9336	-2402.2	-0.9608800000000001
0.89	-4690.4	0.9380799999999999	-2406.6	-0.96264
0.891	-4627.2	0.92592	-2383.0	-0.9532
0.892	-4663.6	0.9331200000000001	-2396.6	-0.9586400000000002
0.893	-4702.8	0.94144	-2410.2	-0.96408
0.894	-4658.0	0.93008	-2400.2	-0.9600799999999999
0.895	-4653.6	0.9304	-2395.0	-0.9579999999999999
0.896	-4667.2	0.9336	-2396.0	-0.9583999999999999
0.897	-4665.2	0.9331200000000001	-2399.0	-0.9596000000000002
0.898	-4630.4	0.9267199999999999	-2389.4	-0.95576
0.899	-4652.8	0.9304	-2392.8	-0.95712
0.9	-4666.4	0.9329600000000001	-2399.8	-0.95992
0.901	-4615.2	0.9235200000000001	-2376.6	-0.9506400000000002
0.902	-4622.8	0.9248000000000001	-2386.2	-0.95448
0.903	-4634.0	0.9272	-2383.8	-0.9535199999999999
0.904	-4643.6	0.92912	-2391.8	-0.9567200000000001
0.905	-4636.4	0.9279999999999999	-2389.6	-0.9558399999999997
0.906	-4646.8	0.9300799999999999	-2394.4	-0.9577599999999998
0.907	-4642.0	0.92768	-2390.8	-0.9563200000000001
0.908	-4628.4	0.92592	-2383.6	-0.95344
0.909	-4640.4	0.92752	-2394.4	-0.9577600000000001
0.91	-4598.0	0.91936	-2377.4	-0.95096
0.911	-4646.0	0.9304	-2393.6	-0.9574400000000001
0.912	-4604.8	0.9220799999999999	-2376.4	-0.9505600000000001
0.913	-4643.6	0.9299200000000001	-2391.2	-0.95648
0.914	-4608.0	0.92256	-2375.8	-0.9503199999999999
0.915	-4590.8	0.91808	-2377.4	-0.95096
0.916	-4637.2	0.9276800000000002	-2388.0	-0.9551999999999999
0.917	-4611.2	0.9223999999999999	-2381.0	-0.9524000000000001
0.918	-4595.2	0.9174399999999998	-2377.0	-0.9507999999999999
0.919	-4603.2	0.9212800000000001	-2376.6	-0.9506400000000002
0.92	-4595.2	0.9192	-2371.0	-0.9484
0.921	-4588.4	0.9187199999999999	-2370.0	-0.9479999999999998
0.922	-4605.2	0.9228800000000001	-2381.2	-0.9524799999999999
0.923	-4612.4	0.92128	-2378.8	-0.9515199999999998
0.924	-4576.8	0.91584	-2363.0	-0.9452
0.925	-4559.2	0.9119999999999999	-2364.8	-0.9459200000000001
0.926	-4608.8	0.92336	-2377.6	-0.9510400000000001
0.927	-4601.6	0.9208000000000001	-2373.4	-0.9493600000000001
0.928	-4604.8	0.9208000000000001	-2375.4	-0.9501600000000001
0.929	-4587.6	0.9176	-2375.6	-0.95024
0.93	-4595.6	0.91984	-2371.6	-0.9486400000000001
0.931	-4572.4	0.916	-2370.4	-0.94816
0.932	-4577.2	0.9139199999999998	-2366.4	-0.9465600000000001
0.933	-4592.0	0.91952	-2373.6	-0.9494400000000001
0.934	-4540.0	0.90832	-2354.0	-0.9416
0.935	-4534.4	0.9070400000000001	-2346.8	-0.9387200000000002
0.936	-4534.8	0.9056	-2354.6	-0.9418399999999998
0.937	-4555.6	0.9132800000000001	-2355.0	-0.942
0.938	-4549.2	0.90992	-2356.0	-0.9424000000000001
0.939	-4548.4	0.9107199999999999	-2355.8	-0.9423199999999999
0.94	-4563.2	0.9129600000000002	-2356.2	-0.94248
0.941	-4513.6	0.9022399999999999	-2348.2	-0.9392800000000001
0.942	-4549.2	0.9102400000000002	-2359.2	-0.94368
0.943	-4543.6	0.9092799999999999	-2352.8	-0.9411200000000001
0.944	-4519.6	0.9027200000000001	-2335.8	-0.9343199999999999
0.945	-4526.4	0.90608	-2342.8	-0.9371200000000002
0.946	-4534.8	0.9075199999999999	-2348.6	-0.9394399999999999
0.947	-4560.4	0.9131199999999999	-2362.0	-0.9448000000000001
0.948	-4485.2	0.8964799999999998	-2328.6	-0.9314399999999999
0.949	-4533.6	0.9086400000000001	-2354.8	-0.94192
0.95	-4491.2	0.89984	-2339.8	-0.93592
0.951	-4548.0	0.9075200000000001	-2361.0	-0.9443999999999999
0.952	-4545.6	0.9092800000000001	-2357.2	-0.94288
0.953	-4536.8	0.9086399999999999	-2350.0	-0.9400000000000001
0.954	-4517.2	0.9040000000000001	-2333.8	-0.93352
0.955	-4510.0	0.9012800000000001	-2341.8	-0.9367199999999999
0.956	-4526.4	0.90528	-2350.0	-0.9400000000000001
0.957	-4519.6	0.9022400000000002	-2343.2	-0.93728
0.958	-4513.6	0.9027200000000001	-2345.6	-0.9382400000000001
0.959	-4485.6	0.8968	-2329.0	-0.9316000000000001
0.96	-4503.2	0.90144	-2338.0	-0.9351999999999998
0.961	-4494.0	0.9009600000000001	-2338.2	-0.93528
0.962	-4494.4	0.8988800000000001	-2334.8	-0.93392
0.963	-4430.4	0.8855999999999999	-2307.8	-0.9231199999999999
0.964	-4473.6	0.8934400000000002	-2329.0	-0.9316000000000001
0.965	-4452.0	0.89072	-2313.6	-0.92544
0.966	-4498.4	0.89984	-2340.0	-0.9359999999999999
0.967	-4449.6	0.89184	-2318.4	-0.92736
0.968	-4444.8	0.8881600000000001	-2324.0	-0.9296
0.969	-4446.0	0.88896	-2320.2	-0.9280799999999999
0.97	-4486.0	0.8971200000000001	-2336.4	-0.9345600000000001
0.971	-4467.2	0.8953599999999999	-2325.8	-0.93032
0.972	-4467.6	0.8953599999999999	-2332.6	-0.9330400000000001
0.973	-4470.4	0.8943999999999999	-2331.8	-0.93272
0.974	-4438.4	0.8867200000000001	-2311.0	-0.9243999999999998
0.975	-4412.8	0.88272	-2294.6	-0.91784
0.976	-4416.0	0.8847999999999999	-2296.2	-0.91848
0.977	-4460.0	0.8939199999999999	-2311.2	-0.9244800000000002
0.978	-4379.6	0.87584	-2287.8	-0.9151199999999999
0.979	-4389.2	0.8787200000000001	-2286.6	-0.91464
0.98	-4444.8	0.8868800000000002	-2315.6	-0.92624
0.981	-4421.2	0.8852800000000001	-2301.0	-0.9203999999999999
0.982	-4424.0	0.8844799999999999	-2312.8	-0.92512
0.983	-4395.6	0.87904	-2298.4	-0.91936
0.984	-4450.0	0.8891199999999999	-2325.2	-0.93008
0.985	-4376.0	0.87568	-2284.0	-0.9136000000000001
0.986	-4391.2	0.8775999999999999	-2287.2	-0.9148799999999999
0.987	-4406.8	0.88256	-2286.6	-0.91464
0.988	-4391.6	0.87888	-2290.4	-0.91616
0.989	-4381.2	0.8769599999999999	-2280.6	-0.91224
0.99	-4395.6	0.8793600000000001	-2293.0	-0.9172
0.991	-4384.0	0.8783999999999998	-2287.8	-0.9151199999999999
0.992	-4384.4	0.87712	-2291.0	-0.9163999999999998
0.993	-4344.4	0.8675200000000001	-2266.8	-0.90672
0.994	-4399.2	0.8782399999999999	-2293.8	-0.91752
0.995	-4388.0	0.8777600000000001	-2293.4	-0.9173600000000001
0.996	-4382.8	0.8769600000000001	-2293.0	-0.9172
0.997	-4451.2	0.88896	-2315.0	-0.9259999999999999
0.998	-4344.4	0.8700800000000001	-2264.6	-0.9058400000000001
0.999	-4401.6	0.8814400000000001	-2301.8	-0.92072
1.0	-4384.0	0.8772800000000001	-2281.8	-0.91272
1.001	-4399.6	0.88016	-2297.2	-0.9188799999999999
1.002	-4362.0	0.87184	-2264.2	-0.90568
1.003	-4357.2	0.87152	-2266.2	-0.90648
1.004	-4316.0	0.86384	-2257.2	-0.90288
1.005	-4341.6	0.87056	-2281.6	-0.91264
1.006	-4376.0	0.8747200000000002	-2284.2	-0.9136799999999999
1.007	-4389.6	0.87808	-2286.6	-0.91464
1.008	-4323.6	0.8660799999999998	-2268.6	-0.90744
1.009	-4345.2	0.868	-2267.8	-0.9071200000000001
1.01	-4336.4	0.8689600000000001	-2283.4	-0.9133600000000002
1.011	-4262.0	0.8505600000000001	-2238.0	-0.8952000000000002
1.012	-4376.0	0.8748799999999999	-2272.2	-0.9088800000000001
1.013	-4303.2	0.8609600000000001	-2241.0	-0.8964000000000001
1.014	-4323.6	0.8649600000000002	-2262.6	-0.90504
1.015	-4305.2	0.8601599999999999	-2247.6	-0.89904
1.016	-4272.8	0.8539200000000001	-2233.0	-0.8931999999999999
1.017	-4283.2	0.8560000000000001	-2245.6	-0.8982400000000001
1.018	-4320.4	0.86304	-2263.8	-0.9055200000000001
1.019	-4292.4	0.8593599999999999	-2221.8	-0.88872
1.02	-4281.6	0.85808	-2223.2	-0.8892800000000001
1.021	-4272.0	0.8518399999999999	-2226.6	-0.89064
1.022	-4286.0	0.85632	-2249.0	-0.8995999999999998
1.023	-4229.6	0.84256	-2214.8	-0.8859199999999999
1.024	-4232.0	0.8472	-2224.2	-0.8896799999999999
1.025	-4242.0	0.8483199999999999	-2216.0	-0.8863999999999999
1.026	-4298.0	0.8598399999999999	-2248.6	-0.8994399999999999
1.027	-4222.8	0.84576	-2207.2	-0.8828800000000001
1.028	-4250.8	0.85008	-2231.8	-0.8927200000000001
1.029	-4286.0	0.85664	-2232.0	-0.8927999999999999
1.03	-4211.2	0.8408	-2211.8	-0.88472
1.031	-4258.4	0.8507200000000001	-2228.4	-0.89136
1.032	-4238.8	0.8478399999999999	-2220.0	-0.8880000000000001
1.033	-4240.0	0.84688	-2223.6	-0.8894400000000001
1.034	-4228.0	0.84544	-2218.2	-0.8872800000000002
1.035	-4225.2	0.8431999999999998	-2203.6	-0.8814399999999999
1.036	-4256.4	0.8508799999999999	-2233.0	-0.8932000000000002
1.037	-4204.0	0.84304	-2195.8	-0.8783199999999999
1.038	-4216.0	0.8427199999999999	-2206.6	-0.88264
1.039	-4224.0	0.84704	-2198.2	-0.87928
1.04	-4176.0	0.8364800000000001	-2168.6	-0.86744
1.041	-4212.8	0.8417600000000001	-2207.6	-0.8830399999999999
1.042	-4189.6	0.8374400000000002	-2196.8	-0.8787200000000001
1.043	-4220.4	0.8446400000000001	-2218.4	-0.8873599999999999
1.044	-4203.6	0.8404800000000001	-2198.4	-0.8793600000000001
1.045	-4154.4	0.8280000000000001	-2179.6	-0.87184
1.046	-4167.6	0.83536	-2210.8	-0.8843200000000001
1.047	-4140.8	0.82656	-2164.4	-0.8657600000000001
1.048	-4154.8	0.83088	-2185.8	-0.87432
1.049	-4199.6	0.8396799999999999	-2199.6	-0.8798400000000001
1.05	-4214.0	0.8416	-2203.2	-0.8812800000000001
1.051	-4128.8	0.82592	-2158.0	-0.8632
1.052	-4127.2	0.8263999999999999	-2171.0	-0.8684
1.053	-4174.0	0.83456	-2197.0	-0.8788
1.054	-4146.8	0.8313600000000001	-2177.2	-0.87088
1.055	-4078.8	0.8153599999999999	-2138.6	-0.8554400000000001
1.056	-4110.0	0.8184000000000001	-2151.2	-0.8604800000000001
1.057	-4149.6	0.8304	-2181.2	-0.87248
1.058	-4100.8	0.81904	-2157.2	-0.86288
1.059	-4101.6	0.8201600000000001	-2150.2	-0.86008
1.06	-4152.0	0.8302400000000001	-2180.2	-0.8720800000000001
1.061	-4107.2	0.8224	-2142.4	-0.8569599999999999
1.062	-4075.6	0.8144	-2128.8	-0.85152
1.063	-4100.0	0.81728	-2145.0	-0.858
1.064	-4083.6	0.8135999999999999	-2140.0	-0.8560000000000001
1.065	-4092.0	0.8166399999999999	-2149.4	-0.8597599999999999
1.066	-4047.2	0.81104	-2104.8	-0.84192
1.067	-4100.0	0.8201599999999999	-2149.0	-0.8596000000000001
1.068	-4053.6	0.81312	-2120.8	-0.84832
1.069	-4060.0	0.80944	-2121.4	-0.84856
1.07	-4038.0	0.8038399999999999	-2120.4	-0.8481599999999998
1.071	-4041.2	0.80816	-2112.8	-0.84512
1.072	-4046.8	0.8072000000000001	-2122.0	-0.8488
1.073	-4023.2	0.8044800000000001	-2100.4	-0.8401599999999998
1.074	-3973.6	0.79728	-2069.8	-0.82792
1.075	-4104.0	0.81856	-2142.8	-0.8571199999999999
1.076	-4004.0	0.80048	-2092.8	-0.83712
1.077	-3978.8	0.79472	-2041.4	-0.8165600000000002
1.078	-4084.0	0.81456	-2126.6	-0.8506400000000003
1.079	-4122.4	0.8222400000000002	-2151.0	-0.8603999999999999
1.08	-3951.6	0.79344	-2033.2	-0.81328
1.081	-3978.8	0.79552	-2084.8	-0.83392
1.082	-4042.8	0.8112	-2124.0	-0.8496
1.083	-4014.4	0.80112	-2076.2	-0.83048
1.084	-4002.8	0.80128	-2086.0	-0.8343999999999999
1.085	-3887.2	0.7793599999999998	-1996.8	-0.7987200000000001
1.086	-3961.6	0.7888	-2101.0	-0.8404
1.087	-3935.6	0.792	-2063.6	-0.8254399999999998
1.088	-3928.0	0.7859200000000001	-2032.0	-0.8128
1.089	-3969.6	0.79232	-2051.0	-0.8204
1.09	-3965.6	0.7913600000000001	-2077.8	-0.83112
1.091	-3983.6	0.79888	-2059.0	-0.8236000000000001
1.092	-3888.8	0.7761600000000001	-2002.2	-0.80088
1.093	-3946.0	0.7878399999999999	-2043.0	-0.8171999999999999
1.094	-3966.8	0.7936	-2048.6	-0.81944
1.095	-3921.2	0.7843199999999999	-2027.4	-0.81096
1.096	-3914.4	0.78432	-2061.8	-0.8247199999999998
1.097	-3898.8	0.78288	-1999.4	-0.79976
1.098	-3936.0	0.78768	-2024.8	-0.80992
1.099	-3863.6	0.77424	-1964.2	-0.78568
1.1	-3899.6	0.77744	-2038.4	-0.8153600000000001
1.101	-3892.8	0.7776000000000001	-2055.6	-0.8222400000000001
1.102	-3914.0	0.78208	-2049.0	-0.8196
1.103	-3874.4	0.7755199999999999	-1993.6	-0.79744
1.104	-3909.2	0.7836799999999999	-2032.0	-0.8128
1.105	-3887.2	0.77904	-1985.6	-0.7942400000000001
1.106	-3828.4	0.7660799999999999	-1976.0	-0.7903999999999999
1.107	-3890.8	0.7761600000000001	-1993.2	-0.79728
1.108	-3879.2	0.7776000000000001	-2020.6	-0.80824
1.109	-3844.0	0.7670399999999999	-1968.0	-0.7872
1.11	-3821.6	0.7662399999999999	-1961.8	-0.7847200000000001
1.111	-3792.8	0.76208	-1941.4	-0.77656
1.112	-3772.0	0.75488	-1914.8	-0.76592
1.113	-3890.0	0.77536	-2016.4	-0.8065599999999999
1.114	-3776.0	0.7552000000000001	-1893.0	-0.7572000000000001
1.115	-3764.4	0.75584	-1973.4	-0.7893600000000002
1.116	-3836.8	0.7656000000000001	-1996.2	-0.7984799999999999
1.117	-3808.4	0.7607999999999999	-1956.0	-0.7824
1.118	-3699.2	0.7367999999999999	-1839.0	-0.7356
1.119	-3856.8	0.7694399999999999	-1975.0	-0.7899999999999999
1.12	-3775.2	0.7558400000000001	-1938.6	-0.77544
1.121	-3745.6	0.7464000000000001	-1887.8	-0.75512
1.122	-3659.2	0.73072	-1826.6	-0.73064
1.123	-3793.2	0.75968	-1925.4	-0.77016
1.124	-3714.0	0.7439999999999999	-1891.2	-0.75648
1.125	-3774.8	0.7548799999999999	-1936.4	-0.7745600000000001
1.126	-3671.2	0.73376	-1830.4	-0.73216
1.127	-3753.2	0.7494400000000001	-1932.4	-0.77296
1.128	-3742.8	0.74848	-1869.6	-0.74784
1.129	-3686.8	0.73728	-1857.0	-0.7428
1.13	-3648.8	0.7310399999999999	-1811.6	-0.7246399999999998
1.131	-3728.4	0.74384	-1903.8	-0.7615200000000001
1.132	-3659.2	0.73072	-1800.4	-0.72016
1.133	-3690.8	0.7390399999999999	-1848.6	-0.7394399999999999
1.134	-3672.4	0.73472	-1849.4	-0.73976
1.135	-3636.0	0.7255999999999999	-1781.2	-0.71248
1.136	-3649.6	0.732	-1822.2	-0.72888
1.137	-3680.8	0.73584	-1757.2	-0.70288
1.138	-3584.4	0.7158399999999998	-1782.4	-0.71296
1.139	-3676.4	0.7384000000000001	-1847.0	-0.7388
1.14	-3585.6	0.7183999999999999	-1784.8	-0.71392
1.141	-3561.2	0.7076800000000001	-1731.2	-0.69248
1.142	-3552.4	0.7080000000000001	-1725.0	-0.69
1.143	-3689.6	0.7352	-1855.4	-0.7421599999999999
1.144	-3622.8	0.7235199999999999	-1825.0	-0.73
1.145	-3651.6	0.72896	-1842.8	-0.7371200000000001
1.146	-3600.4	0.72256	-1777.2	-0.7108799999999998
1.147	-3566.4	0.7108799999999998	-1706.0	-0.6824000000000001
1.148	-3588.4	0.71648	-1832.4	-0.7329600000000001
1.149	-3628.0	0.72448	-1795.2	-0.7180799999999999
1.15	-3536.4	0.70992	-1735.8	-0.6943199999999999
1.151	-3474.8	0.69616	-1641.0	-0.6564
1.152	-3535.2	0.7032	-1731.4	-0.6925600000000001
1.153	-3580.0	0.71632	-1718.4	-0.68736
1.154	-3539.6	0.7060799999999999	-1788.6	-0.7154400000000001
1.155	-3500.0	0.6992	-1726.8	-0.69072
1.156	-3548.8	0.7115199999999999	-1718.2	-0.68728
1.157	-3545.6	0.7096	-1764.4	-0.7057599999999999
1.158	-3544.4	0.7134400000000001	-1732.6	-0.69304
1.159	-3491.2	0.70304	-1663.6	-0.66544
1.16	-3514.0	0.7046399999999999	-1714.2	-0.68568
1.161	-3424.8	0.68896	-1623.2	-0.6492799999999999
1.162	-3448.4	0.6916800000000001	-1620.2	-0.64808
1.163	-3496.0	0.7024	-1680.2	-0.67208
1.164	-3457.2	0.6855999999999999	-1626.8	-0.65072
1.165	-3367.2	0.6731200000000002	-1540.8	-0.61632
1.166	-3395.6	0.67616	-1631.2	-0.6524800000000001
1.167	-3362.8	0.6728	-1553.6	-0.6214400000000001
1.168	-3344.8	0.66656	-1541.4	-0.6165599999999999
1.169	-3366.8	0.6712	-1475.2	-0.5900799999999999
1.17	-3390.4	0.6732799999999999	-1487.6	-0.59504
1.171	-3395.2	0.6768000000000001	-1597.8	-0.63912
1.172	-3383.2	0.6728	-1589.4	-0.63576
1.173	-3360.8	0.67456	-1548.4	-0.61936
1.174	-3426.8	0.68464	-1672.8	-0.66912
1.175	-3308.8	0.6584	-1324.0	-0.5296000000000001
1.176	-3430.4	0.6872	-1607.8	-0.6431200000000001
1.177	-3394.4	0.6814399999999999	-1583.2	-0.6332800000000001
1.178	-3248.4	0.6504	-1390.6	-0.55624
1.179	-3300.4	0.66	-1496.4	-0.59856
1.18	-3357.6	0.67328	-1540.4	-0.61616
1.181	-3370.0	0.67056	-1404.2	-0.56168
1.182	-3319.6	0.6632	-1569.2	-0.62768
1.183	-3286.4	0.6577599999999999	-1349.6	-0.53984
1.184	-3321.6	0.66576	-1516.4	-0.6065600000000001
1.185	-3297.6	0.65648	-1498.4	-0.59936
1.186	-3300.4	0.65984	-1397.4	-0.55896
1.187	-3218.4	0.64144	-1355.4	-0.54216
1.188	-3263.2	0.64944	-1441.0	-0.5764
1.189	-3253.6	0.6484800000000001	-1481.2	-0.5924799999999999
1.19	-3197.6	0.64096	-1430.4	-0.57216
1.191	-3262.4	0.64976	-1422.4	-0.5689599999999999
1.192	-3285.6	0.6592	-1448.4	-0.57936
1.193	-3147.6	0.63328	-1325.6	-0.53024
1.194	-3232.4	0.64496	-1442.4	-0.57696
1.195	-3224.8	0.6460799999999999	-1400.4	-0.56016
1.196	-3162.0	0.6300800000000001	-1351.0	-0.5404
1.197	-3257.2	0.64992	-1445.6	-0.5782399999999999
1.198	-3268.0	0.6505599999999999	-1419.2	-0.56768
1.199	-3208.8	0.64048	-1306.0	-0.5224
1.2	-3196.8	0.64144	-1304.2	-0.52168
1.201	-3194.8	0.6390399999999999	-1355.8	-0.54232
1.202	-3154.4	0.63472	-1275.8	-0.51032
1.203	-3072.0	0.6155200000000001	-1171.8	-0.46871999999999997
1.204	-3090.4	0.6164799999999999	-1141.8	-0.45671999999999996
1.205	-3080.8	0.6177600000000001	-1153.2	-0.46128
1.206	-3165.6	0.6344000000000001	-1326.8	-0.53072
1.207	-3116.0	0.6199999999999999	-1219.8	-0.4879199999999999
1.208	-3185.2	0.64016	-1288.6	-0.51544
1.209	-3140.0	0.6304	-1308.4	-0.52336
1.21	-3139.2	0.62752	-1279.0	-0.5116
1.211	-3035.2	0.6068800000000001	-1073.8	-0.42952
1.212	-3079.6	0.6144	-1214.0	-0.4856000000000001
1.213	-3112.8	0.62208	-1249.4	-0.49976000000000004
1.214	-3094.8	0.61664	-1152.8	-0.4611199999999999
1.215	-3060.0	0.61152	-1014.8	-0.40592000000000006
1.216	-3109.2	0.62384	-1173.6	-0.46943999999999997
1.217	-2980.4	0.59968	-922.4	-0.36896000000000007
1.218	-2998.0	0.5987199999999999	-1138.6	-0.45544
1.219	-2953.6	0.59008	-984.4	-0.39376
1.22	-3022.0	0.6088	-1172.8	-0.4691199999999999
1.221	-3085.2	0.61248	-1261.0	-0.5044
1.222	-3010.0	0.6060800000000001	-1060.2	-0.42408
1.223	-3028.4	0.6024	-1067.4	-0.42696000000000006
1.224	-3063.2	0.61376	-1161.8	-0.46471999999999997
1.225	-3027.6	0.60416	-1069.8	-0.42792
1.226	-2906.0	0.5784	-916.2	-0.36648000000000003
1.227	-2872.8	0.5752	-760.2	-0.30407999999999996
1.228	-2958.8	0.5912	-1081.6	-0.43264
1.229	-3007.2	0.6012800000000001	-1018.0	-0.4071999999999999
1.23	-2883.2	0.5764799999999999	-802.4	-0.32096
1.231	-2963.2	0.5936	-1047.6	-0.41904
1.232	-2947.6	0.58848	-1035.8	-0.4143199999999999
1.233	-3048.0	0.6102400000000001	-1068.8	-0.42752
1.234	-2926.8	0.58784	-899.2	-0.35968
1.235	-2900.4	0.5772799999999999	-850.0	-0.33999999999999997
1.236	-2856.8	0.57216	-766.6	-0.30664
1.237	-2933.2	0.58176	-1027.0	-0.41079999999999994
1.238	-2894.4	0.5819200000000001	-908.4	-0.36336
1.239	-2850.0	0.56368	-855.2	-0.34208
1.24	-2906.8	0.57968	-938.0	-0.3752
1.241	-2860.0	0.5705600000000001	-935.4	-0.37416
1.242	-2915.6	0.58944	-884.8	-0.35392
1.243	-2924.0	0.5875199999999999	-988.8	-0.39552
1.244	-2948.4	0.5862400000000001	-1042.4	-0.41696
1.245	-2906.8	0.5832	-929.2	-0.37168
1.246	-2916.4	0.5809599999999999	-951.8	-0.38071999999999995
1.247	-2890.0	0.57728	-995.2	-0.39807999999999993
1.248	-2818.4	0.56864	-905.6	-0.36224
1.249	-2887.2	0.5769599999999999	-961.4	-0.38456
1.25	-2767.6	0.5532800000000001	-772.4	-0.30896
1.251	-2813.6	0.5664	-885.8	-0.35432
1.252	-2916.0	0.58224	-1019.6	-0.40784000000000004
1.253	-2729.6	0.54736	-770.4	-0.30816
1.254	-2891.6	0.5783999999999999	-851.4	-0.34056
1.255	-2878.0	0.5755199999999999	-823.6	-0.32944000000000007
1.256	-2774.4	0.5513600000000001	-786.2	-0.31448
1.257	-2796.8	0.5585600000000002	-697.6	-0.27904000000000007
1.258	-2814.4	0.56384	-818.8	-0.32752000000000003
1.259	-2791.2	0.55872	-778.6	-0.31144000000000005
1.26	-2781.2	0.552	-719.4	-0.28776
1.261	-2785.6	0.5603199999999999	-865.2	-0.34608
1.262	-2810.8	0.5611200000000001	-695.4	-0.27816
1.263	-2696.0	0.54048	-745.2	-0.29808
1.264	-2731.2	0.5448	-596.0	-0.23840000000000003
1.265	-2724.8	0.5424	-712.6	-0.28503999999999996
1.266	-2758.8	0.54832	-621.0	-0.2484
1.267	-2714.4	0.5353600000000001	-771.8	-0.30872
1.268	-2704.8	0.54064	-723.8	-0.28951999999999994
1.269	-2820.0	0.5662399999999999	-631.6	-0.2526400000000001
1.27	-2751.2	0.55312	-720.0	-0.288
1.271	-2732.0	0.54176	-647.6	-0.25904
1.272	-2738.0	0.54512	-640.6	-0.25623999999999997
1.273	-2721.6	0.5456000000000001	-620.4	-0.24816
1.274	-2666.4	0.52864	-579.2	-0.23168000000000002
1.275	-2636.0	0.52944	-572.4	-0.22896
1.276	-2720.4	0.54112	-626.4	-0.25056
1.277	-2646.8	0.52576	-566.4	-0.22656
1.278	-2614.0	0.52496	-654.4	-0.26176
1.279	-2628.4	0.52512	-528.0	-0.21119999999999997
1.28	-2716.0	0.5430400000000001	-675.2	-0.27008
1.281	-2653.6	0.53088	-557.0	-0.22279999999999997
1.282	-2694.0	0.53792	-704.6	-0.28184
1.283	-2672.8	0.5408000000000001	-601.2	-0.24047999999999997
1.284	-2657.2	0.53088	-580.6	-0.23224
1.285	-2712.0	0.54816	-555.2	-0.22207999999999997
1.286	-2649.6	0.53232	-570.8	-0.22832000000000002
1.287	-2614.8	0.51856	-438.2	-0.17528000000000002
1.288	-2618.8	0.52656	-547.2	-0.21888000000000005
1.289	-2661.6	0.5302400000000002	-568.0	-0.2272
1.29	-2650.0	0.5283199999999999	-563.6	-0.22544
1.291	-2627.6	0.5276799999999999	-539.6	-0.21583999999999998
1.292	-2577.2	0.51632	-443.4	-0.17736000000000002
1.293	-2645.6	0.5249599999999999	-542.0	-0.21680000000000002
1.294	-2658.0	0.53744	-489.8	-0.19592000000000004
1.295	-2548.0	0.50832	-434.6	-0.17384
1.296	-2623.2	0.51888	-459.8	-0.18392
1.297	-2626.0	0.52368	-553.8	-0.22152
1.298	-2619.2	0.5257600000000001	-472.6	-0.18904
1.299	-2580.4	0.51856	-367.0	-0.14679999999999999
1.3	-2567.6	0.51088	-507.2	-0.20288
1.301	-2639.6	0.52752	-184.6	-0.07383999999999999
1.302	-2618.8	0.52576	-494.6	-0.19783999999999996
1.303	-2588.8	0.5163200000000001	-460.2	-0.18408000000000002
1.304	-2584.0	0.51904	-364.6	-0.14584
1.305	-2550.0	0.51056	-348.0	-0.13919999999999996
1.306	-2596.0	0.51904	-469.0	-0.18760000000000002
1.307	-2549.6	0.51504	-527.6	-0.21103999999999998
1.308	-2561.6	0.5151999999999999	-542.8	-0.21712000000000004
1.309	-2586.8	0.51904	-277.2	-0.11088
1.31	-2577.6	0.5171199999999999	-469.8	-0.18792
1.311	-2518.4	0.49759999999999993	-331.6	-0.13264
1.312	-2593.6	0.51712	-399.0	-0.15960000000000002
1.313	-2541.6	0.5001599999999999	-443.0	-0.1772
1.314	-2479.6	0.49184	-388.2	-0.15527999999999997
1.315	-2510.0	0.5024	-482.2	-0.19288
1.316	-2514.4	0.5024	-414.4	-0.16576000000000002
1.317	-2586.0	0.51712	-267.4	-0.10696000000000001
1.318	-2477.6	0.49376	-281.4	-0.11256
1.319	-2511.2	0.5041599999999999	-380.6	-0.15224000000000001
1.32	-2560.0	0.50816	-437.0	-0.17479999999999998
1.321	-2443.6	0.49456	-386.4	-0.15456000000000003
1.322	-2604.8	0.51808	-451.8	-0.18072
1.323	-2452.8	0.49216	-308.8	-0.12352
1.324	-2497.6	0.49584	-299.2	-0.11968000000000001
1.325	-2512.4	0.50224	-368.4	-0.14736000000000002
1.326	-2472.8	0.50112	-360.6	-0.14423999999999998
1.327	-2531.6	0.50848	-267.0	-0.1068
1.328	-2506.0	0.5032	-320.2	-0.12808
1.329	-2456.4	0.4862400000000001	-259.4	-0.10376
1.33	-2472.4	0.49584	-261.2	-0.10447999999999999
1.331	-2464.4	0.49264	-216.6	-0.08664000000000001
1.332	-2460.0	0.48864	-305.6	-0.12223999999999999
1.333	-2476.0	0.4964799999999999	-181.2	-0.07248000000000002
1.334	-2472.8	0.49392	-267.8	-0.10712000000000002
1.335	-2443.6	0.4936000000000001	-392.0	-0.1568
1.336	-2433.6	0.4854400000000001	-206.0	-0.0824
1.337	-2475.2	0.49424	-292.4	-0.11696
1.338	-2485.2	0.49664	-146.6	-0.058640000000000005
1.339	-2464.8	0.49391999999999997	-310.8	-0.12431999999999999
1.34	-2518.0	0.5022399999999999	-235.4	-0.09416
1.341	-2384.8	0.47551999999999994	-219.8	-0.08792
1.342	-2439.6	0.4857600000000001	-162.2	-0.06488
1.343	-2407.6	0.4854400000000001	-288.4	-0.11535999999999999
1.344	-2376.0	0.47584	-164.4	-0.06576
1.345	-2413.2	0.48335999999999996	-255.8	-0.10232000000000001
1.346	-2480.4	0.49712000000000006	-201.2	-0.08048
1.347	-2450.0	0.49344	-220.2	-0.08807999999999999
1.348	-2444.4	0.48608	-182.6	-0.07304
1.349	-2453.2	0.4878400000000001	-419.2	-0.16768
1.35	-2390.8	0.48111999999999994	-232.8	-0.09311999999999998
1.351	-2405.2	0.47775999999999996	-266.8	-0.10672000000000001
1.352	-2403.2	0.4856	-127.4	-0.050960000000000005
1.353	-2422.4	0.4828799999999999	-227.8	-0.09111999999999999
1.354	-2362.4	0.47552000000000005	-160.0	-0.06399999999999999
1.355	-2412.4	0.48512000000000005	-22.6	-0.009039999999999998
1.356	-2313.6	0.46591999999999995	-177.6	-0.07103999999999999
1.357	-2334.0	0.46720000000000006	-106.0	-0.0424
1.358	-2358.0	0.47392	-220.2	-0.08808
1.359	-2402.4	0.48448	-330.2	-0.13208
1.36	-2368.8	0.4688	-206.4	-0.08256
1.361	-2426.8	0.48512000000000005	-79.0	-0.0316
1.362	-2380.4	0.47391999999999995	-220.2	-0.08808
1.363	-2380.4	0.47312000000000004	-102.6	-0.04104
1.364	-2351.2	0.46768	-118.4	-0.04736
1.365	-2428.4	0.4888	-188.0	-0.0752
1.366	-2412.8	0.4800000000000001	-214.0	-0.08560000000000001
1.367	-2352.8	0.47584	-257.4	-0.10295999999999998
1.368	-2413.2	0.48335999999999996	-131.0	-0.0524
1.369	-2310.8	0.46207999999999994	-106.8	-0.04272
1.37	-2348.8	0.47535999999999995	-115.6	-0.04624
1.371	-2340.4	0.46543999999999996	-136.2	-0.05448000000000001
1.372	-2347.6	0.46976000000000007	-152.4	-0.06096
1.373	-2343.2	0.4664	-31.4	-0.012559999999999998
1.374	-2368.0	0.47168	-210.4	-0.08416
1.375	-2334.4	0.46288	-64.0	-0.0256
1.376	-2324.0	0.46704	-141.4	-0.05656
1.377	-2352.0	0.47007999999999994	-170.4	-0.06815999999999998
1.378	-2259.2	0.4491199999999999	-155.4	-0.062160000000000014
1.379	-2299.2	0.45712	-69.2	-0.027680000000000003
1.38	-2258.0	0.45152000000000003	-32.0	-0.012800000000000002
1.381	-2268.8	0.45600000000000007	-94.2	-0.037680000000000005
1.382	-2311.6	0.4569599999999999	-172.8	-0.06911999999999999
1.383	-2314.0	0.4651199999999999	-231.8	-0.09272
1.384	-2339.2	0.46368	-207.6	-0.08303999999999999
1.385	-2328.8	0.4668799999999999	-193.4	-0.07736
1.386	-2290.8	0.4588799999999999	-168.0	-0.06720000000000001
1.387	-2300.8	0.45856000000000013	3.2	0.0012800000000000012
1.388	-2283.2	0.4654400000000001	31.6	0.012640000000000002
1.389	-2304.0	0.4611199999999999	-54.6	-0.021840000000000005
1.39	-2291.2	0.45888	-125.6	-0.05024000000000001
1.391	-2284.4	0.4542400000000001	10.8	0.0043199999999999975
1.392	-2313.6	0.46575999999999995	-59.8	-0.023920000000000004
1.393	-2337.6	0.46735999999999994	-15.4	-0.006160000000000001
1.394	-2289.2	0.45936000000000005	-49.6	-0.019840000000000003
1.395	-2301.2	0.46176000000000006	-98.8	-0.03951999999999999
1.396	-2296.8	0.4548799999999999	-106.4	-0.04256000000000001
1.397	-2256.0	0.44688	-102.4	-0.040959999999999996
1.398	-2276.0	0.45296000000000003	-15.0	-0.006
1.399	-2264.0	0.45056	-225.4	-0.09015999999999999
1.4	-2238.8	0.44928	-30.0	-0.012
1.401	-2258.8	0.44896	-108.4	-0.043359999999999996
1.402	-2250.4	0.44767999999999997	32.8	0.013120000000000003
1.403	-2265.6	0.45200000000000007	-161.6	-0.06464
1.404	-2296.4	0.45952000000000004	-126.2	-0.05048000000000001
1.405	-2266.4	0.45519999999999994	-104.6	-0.04184
1.406	-2274.4	0.44912	-196.0	-0.0784
1.407	-2231.2	0.44016	-57.2	-0.022880000000000005
1.408	-2290.8	0.45983999999999997	10.6	0.0042399999999999955
1.409	-2267.2	0.45424	-72.2	-0.02888
1.41	-2277.6	0.45632	-25.0	-0.01
1.411	-2258.4	0.4531200000000001	-50.4	-0.020159999999999997
1.412	-2228.4	0.44816	-49.2	-0.019680000000000003
1.413	-2248.0	0.44896	-55.4	-0.022160000000000003
1.414	-2198.8	0.44176000000000004	-37.8	-0.01512
1.415	-2237.6	0.44912	-59.8	-0.023920000000000004
1.416	-2199.2	0.44543999999999995	-34.8	-0.013919999999999998
1.417	-2236.8	0.44864000000000015	-1.2	-0.00048000000000000126
1.418	-2182.0	0.42704	-84.8	-0.03391999999999999
1.419	-2179.2	0.42960000000000004	28.6	0.011439999999999999
1.42	-2228.4	0.44128	-115.8	-0.04632
1.421	-2171.2	0.43104	-110.2	-0.04408
1.422	-2198.0	0.43631999999999993	4.0	0.001599999999999998
1.423	-2226.0	0.4433599999999999	-109.4	-0.04376
1.424	-2192.8	0.4424	-27.8	-0.011120000000000001
1.425	-2237.2	0.44800000000000006	-180.0	-0.072
1.426	-2231.6	0.4460800000000001	-75.8	-0.030320000000000003
1.427	-2197.6	0.43792	-92.2	-0.036879999999999996
1.428	-2198.4	0.44079999999999997	30.4	0.012159999999999999
1.429	-2259.6	0.4558400000000001	76.2	0.030479999999999997
1.43	-2188.4	0.43279999999999996	33.6	0.013439999999999999
1.431	-2164.0	0.43504	31.0	0.012399999999999998
1.432	-2182.4	0.43823999999999996	-15.6	-0.006240000000000001
1.433	-2209.6	0.44448	-56.8	-0.02272
1.434	-2182.8	0.43216	-33.0	-0.013199999999999998
1.435	-2115.6	0.41888	-0.8	-0.000320000000000005
1.436	-2164.8	0.4323199999999999	-102.8	-0.04111999999999999
1.437	-2147.2	0.43183999999999995	-75.2	-0.030080000000000003
1.438	-2201.6	0.44352	42.2	0.01688
1.439	-2219.2	0.44160000000000005	-23.6	-0.009439999999999997
1.44	-2144.0	0.43023999999999996	-146.8	-0.058719999999999994
1.441	-2195.2	0.43552	-79.2	-0.03168
1.442	-2152.0	0.42400000000000004	-45.0	-0.018000000000000006
1.443	-2199.2	0.43456	10.8	0.004320000000000002
1.444	-2199.6	0.4377599999999999	87.4	0.034960000000000005
1.445	-2134.4	0.4312	-42.6	-0.01704
1.446	-2136.8	0.42528	-2.4	-0.0009600000000000019
1.447	-2172.0	0.43552	-60.2	-0.02408
1.448	-2087.2	0.42079999999999995	-39.0	-0.0156
1.449	-2120.0	0.42352000000000006	20.0	0.008
1.45	-2083.6	0.41056	-42.0	-0.0168
1.451	-2134.4	0.4217600000000001	63.4	0.02536
1.452	-2092.0	0.41664	17.4	0.006959999999999999
1.453	-2107.2	0.41568000000000005	-75.8	-0.030320000000000003
1.454	-2160.8	0.42591999999999997	-2.0	-0.0007999999999999993
1.455	-2178.4	0.43600000000000005	-14.6	-0.005840000000000002
1.456	-2155.6	0.4396799999999999	-128.6	-0.05144
1.457	-2180.8	0.43583999999999995	-46.4	-0.018560000000000004
1.458	-2064.0	0.41167999999999993	-2.6	-0.001039999999999998
1.459	-2096.8	0.41600000000000004	113.6	0.04544000000000001
1.46	-2139.2	0.42799999999999994	-12.2	-0.004879999999999998
1.461	-2145.6	0.42864	-149.4	-0.05976
1.462	-2086.8	0.4192	-31.4	-0.012559999999999997
1.463	-2107.2	0.4192	-59.2	-0.02368
1.464	-2097.6	0.4219200000000001	15.2	0.006080000000000001
1.465	-2126.0	0.42224000000000006	88.0	0.035199999999999995
1.466	-2112.8	0.42304	-132.0	-0.0528
1.467	-2117.6	0.43184000000000006	-106.8	-0.04272
1.468	-2084.0	0.41264	-109.8	-0.04392
1.469	-2099.6	0.4152	-56.4	-0.02256
1.47	-2137.2	0.42352000000000006	-8.2	-0.0032799999999999995
1.471	-2098.4	0.41856	23.2	0.00928
1.472	-2038.8	0.40367999999999993	-29.2	-0.01168
1.473	-2088.4	0.41487999999999997	-40.2	-0.01608
1.474	-2119.6	0.4244800000000001	12.2	0.004880000000000001
1.475	-2068.8	0.41808000000000006	9.6	0.0038400000000000053
1.476	-2111.2	0.4215999999999999	-41.4	-0.01656
1.477	-2109.2	0.42383999999999994	-71.8	-0.028720000000000002
1.478	-2130.8	0.42623999999999995	-36.0	-0.014400000000000001
1.479	-2138.4	0.42991999999999997	117.8	0.04712000000000001
1.48	-2103.2	0.42879999999999996	36.8	0.014720000000000002
1.481	-2085.2	0.4164800000000001	-117.0	-0.0468
1.482	-2071.2	0.41600000000000004	-32.4	-0.012960000000000003
1.483	-2067.6	0.41264	-12.6	-0.00504
1.484	-2095.2	0.41600000000000004	47.2	0.018879999999999997
1.485	-2099.6	0.4152	112.8	0.04511999999999999
1.486	-2132.4	0.42672	38.4	0.015360000000000002
1.487	-2076.4	0.41663999999999995	-12.8	-0.005120000000000004
1.488	-2049.6	0.4105599999999999	-62.0	-0.0248
1.489	-2062.8	0.4192	-39.0	-0.0156
1.49	-2018.4	0.40176000000000006	-129.6	-0.05184000000000001
1.491	-2080.4	0.41312	-33.6	-0.013440000000000002
1.492	-2079.2	0.41600000000000004	-101.2	-0.04048
1.493	-2048.0	0.4174399999999999	1.8	0.0007199999999999984
1.494	-2054.4	0.40879999999999994	32.2	0.012879999999999997
1.495	-2047.2	0.40800000000000003	-60.8	-0.02432
1.496	-2056.0	0.4095999999999999	14.4	0.0057599999999999995
1.497	-2087.6	0.41999999999999993	5.0	0.001999999999999999
1.498	-2098.0	0.4215999999999999	67.8	0.02712
1.499	-2066.4	0.41407999999999995	12.0	0.004799999999999997
1.5	-2067.6	0.41824000000000006	58.4	0.02336
1.501	-2030.0	0.4104	-39.2	-0.01568
1.502	-2060.8	0.41808000000000006	-40.4	-0.01616
1.503	-2070.8	0.40656	-13.4	-0.005360000000000002
1.504	-2037.6	0.40304	39.0	0.0156
1.505	-2038.4	0.41328	-24.0	-0.009600000000000001
1.506	-2003.2	0.39904000000000006	-42.2	-0.01688
1.507	-1981.2	0.39712000000000003	28.2	0.011280000000000004
1.508	-2050.4	0.41072	-48.4	-0.01936
1.509	-2030.4	0.4032	-65.4	-0.02616
1.51	-1993.2	0.3998399999999999	-47.2	-0.018879999999999997
1.511	-2004.0	0.4008	31.0	0.0124
1.512	-2008.8	0.40752	-41.6	-0.01664
1.513	-1998.4	0.404	24.8	0.009920000000000002
1.514	-1993.6	0.4024	-76.6	-0.03064
1.515	-2006.0	0.40512	22.2	0.008879999999999999
1.516	-2028.8	0.40623999999999993	-5.6	-0.00224
1.517	-2009.2	0.4032	16.4	0.006560000000000002
1.518	-2006.4	0.39807999999999993	-59.6	-0.023839999999999997
1.519	-2012.4	0.40208000000000005	51.0	0.020399999999999995
1.52	-1960.8	0.39424000000000003	22.2	0.008879999999999999
1.521	-1971.2	0.39712000000000003	-7.0	-0.0028
1.522	-1986.4	0.3952	10.2	0.0040799999999999986
1.523	-1987.2	0.39696000000000004	15.2	0.0060799999999999995
1.524	-1982.0	0.39568	12.4	0.004960000000000002
1.525	-1983.6	0.39568000000000003	63.6	0.025439999999999997
1.526	-2022.8	0.40191999999999994	78.0	0.0312
1.527	-2009.2	0.4032	40.2	0.01608
1.528	-2000.0	0.39343999999999996	70.8	0.028320000000000005
1.529	-1996.0	0.39952	-23.0	-0.009199999999999998
1.53	-1945.6	0.39327999999999996	-93.8	-0.03752
1.531	-1966.4	0.39312	46.0	0.0184
1.532	-1994.4	0.40496	-102.4	-0.040959999999999996
1.533	-1946.0	0.38192	-2.6	-0.0010399999999999993
1.534	-2030.8	0.41215999999999997	5.4	0.0021599999999999966
1.535	-1947.2	0.38911999999999997	29.4	0.011760000000000001
1.536	-1994.4	0.39583999999999997	-19.4	-0.007760000000000001
1.537	-1944.4	0.38639999999999997	87.0	0.034800000000000005
1.538	-1975.2	0.40128	-39.6	-0.015839999999999993
1.539	-1992.8	0.40560000000000007	25.8	0.010319999999999992
1.54	-1970.4	0.3905600000000001	23.8	0.00952
1.541	-1935.2	0.38784	41.8	0.01672
1.542	-1972.0	0.40064	26.8	0.01072
1.543	-1983.2	0.40031999999999995	34.4	0.01376
1.544	-1992.8	0.40256	-7.2	-0.0028799999999999993
1.545	-1953.6	0.39104	-3.6	-0.001440000000000001
1.546	-1926.4	0.38512	12.6	0.0050399999999999985
1.547	-2012.8	0.40624000000000005	-34.8	-0.013919999999999998
1.548	-1960.4	0.38768	16.2	0.00648
1.549	-1929.2	0.39696000000000004	-99.0	-0.039599999999999996
1.55	-1949.6	0.39072	-60.8	-0.024319999999999998
1.551	-1972.8	0.39055999999999996	-42.0	-0.016799999999999995
1.552	-1945.6	0.38367999999999997	-39.6	-0.01584
1.553	-1921.6	0.38144000000000006	37.0	0.014799999999999999
1.554	-1912.4	0.38224	40.8	0.01632
1.555	-1890.4	0.38576	-25.0	-0.01
1.556	-1945.6	0.38864	-23.2	-0.00928
1.557	-1977.2	0.39504	1.0	0.0003999999999999976
1.558	-1960.0	0.3968	-55.2	-0.02208
1.559	-1912.8	0.38128	66.6	0.026639999999999997
1.56	-1913.6	0.38128	-25.2	-0.01008
1.561	-1924.0	0.38208	51.2	0.02048
1.562	-1922.0	0.38304	-63.4	-0.02536
1.563	-1889.2	0.37792000000000003	33.8	0.013519999999999999
1.564	-1925.2	0.38144	17.0	0.0068000000000000005
1.565	-1902.4	0.37967999999999996	23.2	0.009280000000000002
1.566	-1922.8	0.38624	-28.8	-0.011519999999999997
1.567	-1941.6	0.3936	56.0	0.0224
1.568	-1882.4	0.37568000000000007	-71.6	-0.02864
1.569	-1877.6	0.37968	77.0	0.030800000000000004
1.57	-1899.2	0.37936	83.6	0.03344
1.571	-1926.0	0.3768	21.0	0.0084
1.572	-1952.4	0.39759999999999995	-26.2	-0.01048
1.573	-1941.2	0.39072	5.8	0.002320000000000001
1.574	-1898.4	0.37776	21.8	0.008720000000000002
1.575	-1924.0	0.38592	21.4	0.008560000000000002
1.576	-1932.8	0.38608000000000003	7.6	0.0030399999999999997
1.577	-1879.6	0.37792	-3.2	-0.0012799999999999995
1.578	-1886.4	0.38208000000000003	-0.4	-0.00015999999999999904
1.579	-1909.6	0.37951999999999997	-17.0	-0.0068000000000000005
1.58	-1911.2	0.38016	10.6	0.0042400000000000024
1.581	-1908.0	0.38208000000000003	52.6	0.021040000000000003
1.582	-1861.6	0.3752	9.8	0.00392
1.583	-1870.4	0.37888	32.2	0.012879999999999999
1.584	-1851.6	0.37168	9.4	0.0037600000000000008
1.585	-1887.2	0.376	-36.4	-0.01456
1.586	-1921.6	0.38432	24.4	0.009760000000000001
1.587	-1893.6	0.37007999999999996	43.4	0.017359999999999997
1.588	-1916.8	0.37776000000000004	-29.6	-0.01184
1.589	-1866.0	0.36768	-20.4	-0.00816
1.59	-1871.2	0.3744	-2.6	-0.001040000000000001
1.591	-1836.0	0.36735999999999996	-14.0	-0.0056
1.592	-1911.2	0.38384	-80.0	-0.031999999999999994
1.593	-1875.6	0.3752	60.4	0.024159999999999994
1.594	-1910.0	0.38656	-64.0	-0.0256
1.595	-1927.2	0.38864	29.8	0.011919999999999997
1.596	-1920.8	0.38432000000000005	-94.6	-0.03784
1.597	-1819.2	0.36608	-29.8	-0.011920000000000005
1.598	-1819.6	0.36832000000000004	10.6	0.004239999999999999
1.599	-1883.6	0.37648000000000004	-42.6	-0.017039999999999993
1.6	-1883.6	0.37904	13.6	0.00544
1.601	-1900.4	0.38128	-35.4	-0.01416
1.602	-1853.6	0.36768	99.4	0.039760000000000004
1.603	-1863.6	0.37248000000000003	103.6	0.04143999999999999
1.604	-1865.6	0.37008	-1.8	-0.0007200000000000012
1.605	-1885.6	0.37488	17.6	0.00704
1.606	-1890.8	0.38016	46.2	0.018480000000000003
1.607	-1874.0	0.36496	22.2	0.00888
1.608	-1859.2	0.372	-67.6	-0.027039999999999998
1.609	-1818.0	0.36191999999999996	19.4	0.00776
1.61	-1860.8	0.3672000000000001	-41.8	-0.016720000000000002
1.611	-1832.4	0.3664	1.8	0.0007200000000000012
1.612	-1860.0	0.36863999999999997	-11.6	-0.004639999999999999
1.613	-1839.2	0.3672000000000001	28.8	0.011519999999999999
1.614	-1862.8	0.37023999999999996	62.4	0.02496
1.615	-1870.0	0.3740800000000001	-11.8	-0.00472
1.616	-1856.4	0.37551999999999996	17.2	0.00688
1.617	-1803.2	0.35696	-135.6	-0.05424000000000001
1.618	-1842.8	0.3728	-0.6	-0.00023999999999999976
1.619	-1815.2	0.36479999999999996	-21.4	-0.008560000000000002
1.62	-1868.0	0.37312	33.4	0.01336
1.621	-1823.6	0.36352	-35.6	-0.01424
1.622	-1811.6	0.35456000000000004	-22.4	-0.00896
1.623	-1804.0	0.3592000000000001	-2.2	-0.0008799999999999974
1.624	-1814.8	0.3601599999999999	-17.8	-0.00712
1.625	-1832.8	0.36688	67.0	0.026799999999999997
1.626	-1811.6	0.36048	22.8	0.00912
1.627	-1823.2	0.36672000000000005	-15.6	-0.00624
1.628	-1806.4	0.36511999999999994	-2.2	-0.0008799999999999995
1.629	-1808.0	0.36272000000000004	-37.4	-0.014959999999999996
1.63	-1846.4	0.37072000000000005	-8.6	-0.0034399999999999995
1.631	-1829.2	0.37135999999999997	-31.4	-0.012559999999999998
1.632	-1814.0	0.36639999999999995	-21.4	-0.008560000000000002
1.633	-1782.0	0.35856	27.0	0.0108
1.634	-1798.4	0.35568	-61.2	-0.024480000000000002
1.635	-1849.6	0.36895999999999995	45.2	0.018079999999999995
1.636	-1800.4	0.36335999999999996	35.0	0.013999999999999999
1.637	-1806.8	0.35727999999999993	-20.8	-0.00832
1.638	-1846.8	0.36688000000000004	-17.2	-0.00688
1.639	-1796.8	0.36175999999999997	45.8	0.01832
1.64	-1806.0	0.36496000000000006	61.8	0.02472
1.641	-1822.8	0.3647999999999999	-20.0	-0.007999999999999997
1.642	-1844.8	0.36688	-45.6	-0.01824
1.643	-1814.0	0.36576	-21.2	-0.008480000000000001
1.644	-1756.0	0.35024	-50.6	-0.02024
1.645	-1784.8	0.3592	42.8	0.017120000000000003
1.646	-1774.4	0.35584	21.4	0.008560000000000002
1.647	-1806.8	0.36063999999999996	-8.8	-0.0035199999999999997
1.648	-1787.2	0.35296	47.4	0.018959999999999998
1.649	-1768.0	0.35504	32.4	0.01296
1.65	-1803.6	0.35744	23.8	0.009519999999999999
1.651	-1804.8	0.372	76.4	0.030559999999999997
1.652	-1782.0	0.35888000000000003	-23.0	-0.009200000000000002
1.653	-1788.0	0.35424	-59.0	-0.023600000000000003
1.654	-1793.2	0.36624	4.0	0.0015999999999999986
1.655	-1732.0	0.35039999999999993	-70.2	-0.028080000000000004
1.656	-1756.0	0.34944	55.4	0.022160000000000003
1.657	-1780.0	0.35888	25.2	0.01008
1.658	-1778.4	0.35408	-68.2	-0.02728
1.659	-1737.2	0.34528	-11.8	-0.00472
1.66	-1762.4	0.34944	56.2	0.02248
1.661	-1751.2	0.34959999999999997	72.8	0.02912
1.662	-1789.6	0.3616	96.0	0.0384
1.663	-1744.8	0.34272	0.2	8.00000000000009e-5
1.664	-1720.0	0.34336	36.8	0.01472
1.665	-1772.8	0.35696	17.8	0.007119999999999997
1.666	-1764.8	0.35344000000000003	-21.4	-0.008560000000000002
1.667	-1772.4	0.35744000000000004	-13.6	-0.00544
1.668	-1790.4	0.36336	-80.6	-0.03224
1.669	-1744.0	0.3504	28.4	0.011359999999999999
1.67	-1817.2	0.36208	-18.6	-0.00744
1.671	-1742.8	0.35568	51.8	0.020720000000000006
1.672	-1767.2	0.35472	12.4	0.004960000000000001
1.673	-1730.4	0.33824000000000004	-6.4	-0.00256
1.674	-1745.2	0.35231999999999997	19.0	0.0076
1.675	-1713.2	0.33808000000000005	-4.6	-0.001840000000000002
1.676	-1736.0	0.34895999999999994	68.6	0.02744
1.677	-1740.8	0.34784	-72.6	-0.02904
1.678	-1752.0	0.35231999999999997	32.0	0.0128
1.679	-1744.8	0.34	-23.0	-0.009200000000000002
1.68	-1719.6	0.34848	14.8	0.005919999999999999
1.681	-1699.2	0.34208	-46.0	-0.018400000000000003
1.682	-1711.6	0.34624	7.8	0.003120000000000001
1.683	-1705.6	0.3344	-47.6	-0.01904
1.684	-1739.2	0.34703999999999996	-95.2	-0.03807999999999999
1.685	-1734.0	0.34752	-21.2	-0.008479999999999998
1.686	-1792.8	0.36432000000000003	44.6	0.01784
1.687	-1701.2	0.34272	25.6	0.010240000000000003
1.688	-1760.0	0.35312	40.6	0.01624
1.689	-1745.6	0.35632	-6.0	-0.0024000000000000007
1.69	-1766.8	0.35872000000000004	-42.4	-0.016959999999999996
1.691	-1731.6	0.3478399999999999	-34.4	-0.01376
1.692	-1710.8	0.34623999999999994	50.6	0.02024
1.693	-1787.6	0.35407999999999995	-23.0	-0.0092
1.694	-1739.2	0.35007999999999995	29.4	0.011760000000000001
1.695	-1735.6	0.34352000000000005	4.2	0.0016800000000000022
1.696	-1730.0	0.3408	-30.6	-0.012239999999999997
1.697	-1741.2	0.34384	-94.6	-0.03784
1.698	-1731.6	0.34624	24.2	0.009680000000000001
1.699	-1666.0	0.32511999999999996	-37.6	-0.015040000000000003
1.7	-1724.4	0.33712	-15.4	-0.00616
1.701	-1666.8	0.33184	14.6	0.005839999999999998
1.702	-1775.6	0.35248	-35.8	-0.014320000000000003
1.703	-1769.2	0.34832	75.0	0.03
1.704	-1744.4	0.34512	22.2	0.00888
1.705	-1697.2	0.33408	12.2	0.004880000000000001
1.706	-1717.2	0.33999999999999997	23.6	0.009439999999999999
1.707	-1694.4	0.34224	27.6	0.011040000000000001
1.708	-1789.6	0.35168000000000005	-26.0	-0.010400000000000001
1.709	-1703.6	0.33936	27.4	0.01096
1.71	-1700.0	0.34463999999999995	-44.2	-0.017679999999999998
1.711	-1676.8	0.34176	6.6	0.002639999999999999
1.712	-1686.4	0.33024000000000003	-30.4	-0.01216
1.713	-1650.0	0.32384	34.4	0.01376
1.714	-1749.6	0.34639999999999993	22.2	0.008879999999999996
1.715	-1685.6	0.33727999999999997	95.6	0.038239999999999996
1.716	-1718.8	0.34016	-19.2	-0.007679999999999999
1.717	-1713.6	0.34464	-3.8	-0.0015199999999999999
1.718	-1693.2	0.3343999999999999	11.2	0.00448
1.719	-1670.0	0.33663999999999994	24.2	0.009680000000000003
1.72	-1696.0	0.3384	28.6	0.011439999999999999
1.721	-1700.0	0.34128	-81.0	-0.0324
1.722	-1624.0	0.31904	-19.2	-0.007679999999999999
1.723	-1655.2	0.33296000000000003	-5.4	-0.00216
1.724	-1662.4	0.33536	-33.2	-0.013280000000000004
1.725	-1661.2	0.32944	18.4	0.00736
1.726	-1748.0	0.34639999999999993	-21.8	-0.008720000000000002
1.727	-1668.4	0.3395200000000001	-25.6	-0.01024
1.728	-1687.2	0.33616000000000007	-58.4	-0.023360000000000002
1.729	-1707.2	0.34624	15.4	0.0061600000000000005
1.73	-1677.6	0.34048	23.0	0.009199999999999998
1.731	-1698.0	0.34080000000000005	-16.0	-0.006399999999999999
1.732	-1670.4	0.33663999999999994	61.0	0.0244
1.733	-1668.0	0.33696	17.0	0.006799999999999999
1.734	-1695.6	0.3374400000000001	85.2	0.03408
1.735	-1668.4	0.33311999999999997	-20.6	-0.00824
1.736	-1663.6	0.33199999999999996	-45.2	-0.01808
1.737	-1656.8	0.3305600000000001	-4.4	-0.001759999999999999
1.738	-1673.2	0.32848000000000005	-12.2	-0.004879999999999999
1.739	-1740.8	0.34415999999999997	84.2	0.03368
1.74	-1624.8	0.3275199999999999	-15.8	-0.006319999999999997
1.741	-1702.4	0.34192000000000006	-32.2	-0.012879999999999997
1.742	-1686.8	0.33599999999999997	1.2	0.00048000000000000055
1.743	-1679.6	0.32575999999999994	36.2	0.014480000000000002
1.744	-1648.8	0.32848	-12.4	-0.004960000000000001
1.745	-1550.8	0.30576	-67.8	-0.02712
1.746	-1654.0	0.32863999999999993	21.4	0.008559999999999998
1.747	-1645.6	0.33536	65.2	0.02608
1.748	-1681.2	0.33311999999999997	-14.2	-0.005679999999999999
1.749	-1652.0	0.33264000000000005	40.2	0.016079999999999994
1.75	-1661.6	0.33487999999999996	-40.2	-0.01608
1.751	-1621.2	0.32432000000000005	27.4	0.010959999999999998
1.752	-1645.2	0.32352	-53.4	-0.02136
1.753	-1671.6	0.33536	-29.4	-0.011759999999999998
1.754	-1692.4	0.33648000000000006	42.0	0.016800000000000002
1.755	-1617.2	0.32511999999999996	-43.8	-0.017519999999999997
1.756	-1623.2	0.32608	49.4	0.01976
1.757	-1568.0	0.31344	-15.8	-0.006320000000000001
1.758	-1601.2	0.32287999999999994	22.0	0.008799999999999999
1.759	-1673.2	0.33424	-67.4	-0.02696
1.76	-1629.2	0.32608000000000004	14.0	0.005600000000000001
1.761	-1662.8	0.33344	28.4	0.01136
1.762	-1626.4	0.32448000000000005	15.6	0.006240000000000002
1.763	-1678.0	0.34176	-20.8	-0.008319999999999998
1.764	-1622.8	0.33136	33.0	0.0132
1.765	-1668.0	0.33568000000000003	44.0	0.017599999999999998
1.766	-1618.8	0.32048	55.0	0.022
1.767	-1655.6	0.33952000000000004	50.0	0.020000000000000004
1.768	-1643.6	0.32848000000000005	-55.8	-0.02232
1.769	-1660.0	0.3321599999999999	-32.2	-0.012879999999999999
1.77	-1591.6	0.32272	-3.6	-0.0014399999999999997
1.771	-1638.4	0.32928	-0.4	-0.00015999999999999833
1.772	-1623.2	0.31968	49.4	0.019760000000000003
1.773	-1613.2	0.32016	-15.8	-0.006320000000000001
1.774	-1600.0	0.32511999999999996	17.0	0.006799999999999998
1.775	-1649.2	0.33920000000000006	-27.2	-0.01088
1.776	-1633.2	0.32752	66.2	0.026479999999999997
1.777	-1669.2	0.33248	-19.0	-0.0076
1.778	-1602.8	0.31504000000000004	-8.0	-0.003199999999999997
1.779	-1630.8	0.32992	-16.4	-0.006560000000000002
1.78	-1570.4	0.30912	43.0	0.017200000000000003
1.781	-1633.2	0.3296	26.0	0.010400000000000001
1.782	-1627.6	0.33663999999999994	44.2	0.017679999999999998
1.783	-1620.0	0.32576	61.6	0.02464
1.784	-1633.6	0.3224	-34.2	-0.013680000000000001
1.785	-1594.0	0.31904	-12.2	-0.00488
1.786	-1594.0	0.3184	-30.4	-0.012159999999999999
1.787	-1590.4	0.32111999999999996	-4.4	-0.0017600000000000011
1.788	-1579.6	0.31584	25.6	0.01024
1.789	-1591.2	0.31855999999999995	3.8	0.0015199999999999992
1.79	-1635.6	0.33008	2.2	0.0008800000000000002
1.791	-1581.2	0.31424	28.8	0.011519999999999999
1.792	-1598.0	0.32272	-14.4	-0.0057599999999999995
1.793	-1622.0	0.32815999999999995	-1.2	-0.0004799999999999985
1.794	-1604.8	0.32367999999999997	20.4	0.008159999999999999
1.795	-1601.2	0.3208	-29.2	-0.01168
1.796	-1570.4	0.3112	-56.8	-0.022719999999999997
1.797	-1617.2	0.32095999999999997	6.6	0.002639999999999999
1.798	-1636.0	0.32511999999999996	-43.0	-0.0172
1.799	-1569.2	0.31664	19.6	0.00784
1.8	-1598.4	0.32048	84.8	0.033920000000000006
1.801	-1622.4	0.32480000000000003	-16.0	-0.0064
1.802	-1626.8	0.32352	-21.2	-0.00848
1.803	-1616.8	0.32928	-16.2	-0.006479999999999997
1.804	-1580.8	0.31296	-4.0	-0.0015999999999999994
1.805	-1571.2	0.31632	-29.4	-0.01176
1.806	-1570.8	0.31792000000000004	-51.2	-0.020480000000000005
1.807	-1539.6	0.30815999999999993	14.4	0.0057599999999999995
1.808	-1584.8	0.31648	-56.0	-0.022399999999999996
1.809	-1612.4	0.32128	-26.0	-0.010400000000000001
1.81	-1607.2	0.32080000000000003	52.6	0.02104
1.811	-1595.6	0.32448	34.6	0.01384
1.812	-1581.2	0.31296	-25.4	-0.01016
1.813	-1573.6	0.31584	-29.0	-0.011600000000000003
1.814	-1588.4	0.3232	24.0	0.009600000000000001
1.815	-1574.8	0.30767999999999995	40.0	0.016
1.816	-1572.8	0.312	33.2	0.013279999999999997
1.817	-1613.6	0.32576	2.0	0.0008000000000000007
1.818	-1564.8	0.30976000000000004	0.6	0.00024000000000000166
1.819	-1547.6	0.31248	20.0	0.007999999999999998
1.82	-1606.0	0.31504	6.6	0.0026399999999999987
1.821	-1544.8	0.30448	-34.8	-0.013919999999999998
1.822	-1571.6	0.31232000000000004	49.8	0.01992
1.823	-1530.0	0.3056	61.6	0.024640000000000002
1.824	-1596.8	0.32239999999999996	-35.4	-0.01416
1.825	-1585.2	0.32336	-59.0	-0.0236
1.826	-1573.2	0.31264000000000003	-75.6	-0.03024
1.827	-1550.4	0.3096	-52.8	-0.021120000000000003
1.828	-1594.8	0.31648	33.8	0.013519999999999999
1.829	-1537.6	0.30191999999999997	-5.8	-0.00232
1.83	-1522.0	0.29856	-2.8	-0.0011200000000000001
1.831	-1566.4	0.31008	4.0	0.0016000000000000007
1.832	-1551.6	0.31152	61.0	0.024399999999999998
1.833	-1539.6	0.30896	24.4	0.009760000000000001
1.834	-1525.2	0.31007999999999997	49.0	0.0196
1.835	-1572.4	0.31744	2.4	0.0009599999999999997
1.836	-1543.2	0.30911999999999995	-42.0	-0.016800000000000002
1.837	-1528.0	0.30896	11.6	0.004640000000000002
1.838	-1561.6	0.31456	0.8	0.0003200000000000005
1.839	-1518.4	0.3019200000000001	-37.4	-0.014960000000000001
1.84	-1510.4	0.30544000000000004	-45.0	-0.018
1.841	-1571.2	0.31343999999999994	90.6	0.036239999999999994
1.842	-1486.4	0.3016	-19.4	-0.007760000000000001
1.843	-1518.8	0.2928	3.0	0.0011999999999999992
1.844	-1553.2	0.3056	58.6	0.02344
1.845	-1546.0	0.30735999999999997	29.6	0.01184
1.846	-1508.0	0.29823999999999995	71.4	0.028560000000000002
1.847	-1534.4	0.31135999999999997	-43.0	-0.0172
1.848	-1478.0	0.29872	18.6	0.007440000000000002
1.849	-1594.8	0.31120000000000003	50.4	0.020160000000000004
1.85	-1522.8	0.30544	59.8	0.02392
1.851	-1594.8	0.32127999999999995	-38.8	-0.01552
1.852	-1516.0	0.30272	-7.2	-0.0028799999999999997
1.853	-1504.0	0.29888000000000003	-27.4	-0.010960000000000001
1.854	-1544.4	0.30816	-14.0	-0.005599999999999999
1.855	-1500.4	0.30512	65.8	0.02632
1.856	-1553.2	0.30976	-3.0	-0.0012000000000000008
1.857	-1563.6	0.31135999999999997	-13.4	-0.005360000000000001
1.858	-1524.4	0.304	-32.8	-0.013120000000000001
1.859	-1530.4	0.31152	53.4	0.02136
1.86	-1547.6	0.31040000000000006	-66.8	-0.02672
1.861	-1495.2	0.30111999999999994	19.6	0.00784
1.862	-1501.6	0.30352	9.2	0.00368
1.863	-1540.8	0.30544	-32.6	-0.013039999999999996
1.864	-1529.6	0.30224	-21.4	-0.008559999999999998
1.865	-1510.8	0.29935999999999996	-2.6	-0.0010400000000000006
1.866	-1536.4	0.31072	-30.4	-0.01216
1.867	-1486.0	0.30144000000000004	-19.0	-0.007599999999999997
1.868	-1528.0	0.3112	-34.0	-0.013599999999999998
1.869	-1498.0	0.29935999999999996	-68.8	-0.02752
1.87	-1481.2	0.29776	62.4	0.024960000000000003
1.871	-1530.0	0.32016	-50.6	-0.02024
1.872	-1520.8	0.30784	17.6	0.007039999999999999
1.873	-1506.0	0.30752	67.8	0.02712
1.874	-1497.2	0.29776	17.8	0.00712
1.875	-1494.0	0.2924800000000001	-31.0	-0.0124
1.876	-1567.6	0.31040000000000006	37.6	0.015040000000000001
1.877	-1535.6	0.30496	-14.2	-0.005679999999999999
1.878	-1526.4	0.30863999999999997	38.0	0.0152
1.879	-1546.0	0.30911999999999995	9.0	0.0035999999999999977
1.88	-1496.0	0.2937600000000001	31.6	0.012639999999999998
1.881	-1482.4	0.30335999999999996	27.0	0.010799999999999999
1.882	-1524.8	0.31344000000000005	25.8	0.010320000000000001
1.883	-1514.4	0.30304	39.8	0.015919999999999997
1.884	-1501.6	0.30416	-57.2	-0.02288
1.885	-1436.8	0.29328000000000004	-7.4	-0.00296
1.886	-1562.8	0.3184	70.4	0.02816
1.887	-1512.4	0.30448	38.0	0.015199999999999997
1.888	-1486.8	0.29392000000000007	22.8	0.00912
1.889	-1503.2	0.30335999999999996	-44.4	-0.01776
1.89	-1557.2	0.316	36.2	0.014480000000000002
1.891	-1470.4	0.29488000000000003	40.4	0.01616
1.892	-1461.2	0.29216000000000003	-28.2	-0.011279999999999998
1.893	-1504.8	0.29264	-33.6	-0.013439999999999999
1.894	-1512.8	0.30399999999999994	-25.0	-0.01
1.895	-1459.6	0.28832	46.0	0.018400000000000003
1.896	-1496.4	0.30448	-3.6	-0.001440000000000001
1.897	-1444.4	0.28752	4.0	0.0015999999999999994
1.898	-1504.0	0.3028799999999999	8.8	0.0035199999999999997
1.899	-1502.4	0.29712	-34.2	-0.013679999999999998
1.9	-1480.4	0.30352	-33.8	-0.013519999999999999
1.901	-1464.0	0.28656	2.6	0.0010399999999999993
1.902	-1489.2	0.29711999999999994	-19.2	-0.007680000000000001
1.903	-1477.2	0.29424	43.8	0.017519999999999997
1.904	-1502.4	0.29152	66.8	0.02672
1.905	-1450.0	0.28992	7.6	0.00304
1.906	-1485.6	0.29808	-30.8	-0.012320000000000001
1.907	-1465.2	0.2904	-30.0	-0.011999999999999999
1.908	-1478.0	0.29472000000000004	34.6	0.013839999999999996
1.909	-1478.0	0.29344000000000003	37.8	0.01512
1.91	-1502.0	0.30896	-18.0	-0.007200000000000001
1.911	-1487.6	0.29872	-8.4	-0.003360000000000001
1.912	-1454.8	0.28559999999999997	11.4	0.004560000000000001
1.913	-1506.0	0.30607999999999996	21.8	0.008720000000000002
1.914	-1456.0	0.29328	64.4	0.025759999999999998
1.915	-1517.2	0.30096	-1.0	-0.000399999999999999
1.916	-1492.4	0.30448	-56.6	-0.022640000000000004
1.917	-1480.4	0.30016000000000004	-54.0	-0.0216
1.918	-1438.8	0.28368000000000004	-23.6	-0.00944
1.919	-1478.8	0.29968000000000006	-8.4	-0.0033599999999999993
1.92	-1439.6	0.29791999999999996	-5.0	-0.002
1.921	-1474.8	0.29823999999999995	35.2	0.014079999999999999
1.922	-1469.6	0.29775999999999997	-5.6	-0.0022399999999999994
1.923	-1399.6	0.27984	40.2	0.01608
1.924	-1405.2	0.28032	1.8	0.0007199999999999998
1.925	-1407.2	0.29599999999999993	7.8	0.0031200000000000004
1.926	-1442.8	0.29216000000000003	28.4	0.01136
1.927	-1429.2	0.2832	-11.6	-0.00464
1.928	-1434.8	0.28512	14.0	0.005600000000000001
1.929	-1488.4	0.29328000000000004	-20.0	-0.007999999999999998
1.93	-1456.0	0.29984	67.8	0.027120000000000005
1.931	-1464.4	0.2912	34.0	0.013600000000000001
1.932	-1503.6	0.3016	-21.2	-0.008480000000000001
1.933	-1419.6	0.2864	-34.4	-0.013759999999999998
1.934	-1410.8	0.28832	0.0	0.0
1.935	-1450.8	0.28224	-16.0	-0.006399999999999998
1.936	-1522.4	0.30976000000000004	-17.6	-0.00704
1.937	-1430.0	0.28544	19.8	0.007920000000000002
1.938	-1430.4	0.29152000000000006	-2.4	-0.0009600000000000002
1.939	-1447.6	0.28944000000000003	-54.4	-0.021759999999999998
1.94	-1412.0	0.28464	-10.8	-0.00432
1.941	-1461.2	0.28576000000000007	-7.8	-0.003119999999999999
1.942	-1442.4	0.28992	-9.2	-0.0036800000000000014
1.943	-1466.0	0.29136	2.6	0.0010399999999999986
1.944	-1495.2	0.30912	14.8	0.00592
1.945	-1449.2	0.28944000000000003	-32.8	-0.013120000000000003
1.946	-1422.8	0.29216000000000003	42.4	0.016959999999999996
1.947	-1426.8	0.28496000000000005	-5.6	-0.00224
1.948	-1410.8	0.27984000000000003	-6.6	-0.0026399999999999987
1.949	-1452.0	0.29056	0.8	0.00032000000000000013
1.95	-1496.8	0.30096	10.2	0.0040799999999999986
1.951	-1444.8	0.28656	-6.0	-0.0024000000000000002
1.952	-1414.4	0.28384000000000004	2.0	0.0007999999999999998
1.953	-1466.0	0.29567999999999994	9.4	0.0037600000000000003
1.954	-1398.4	0.28176	-38.2	-0.015280000000000002
1.955	-1453.6	0.2870400000000001	-19.0	-0.007599999999999998
1.956	-1447.6	0.28624	7.6	0.0030399999999999997
1.957	-1433.2	0.2835200000000001	-30.2	-0.01208
1.958	-1472.4	0.29056	39.8	0.01592
1.959	-1448.8	0.29344000000000003	-4.8	-0.001920000000000001
1.96	-1397.6	0.2801600000000001	-5.6	-0.0022400000000000002
1.961	-1432.0	0.28192000000000006	13.2	0.00528
1.962	-1435.2	0.29136	76.0	0.0304
1.963	-1402.4	0.27440000000000003	-10.0	-0.003999999999999999
1.964	-1428.0	0.27856000000000003	-20.2	-0.008080000000000002
1.965	-1404.8	0.27536	16.6	0.00664
1.966	-1415.6	0.28800000000000003	2.8	0.0011199999999999988
1.967	-1467.2	0.28752000000000005	-1.0	-0.00040000000000000034
1.968	-1435.2	0.28064000000000006	-43.8	-0.01752
1.969	-1396.4	0.28352000000000005	16.8	0.0067199999999999985
1.97	-1420.0	0.2824	57.0	0.022799999999999997
1.971	-1394.8	0.27616000000000007	-15.6	-0.006239999999999999
1.972	-1462.0	0.29216000000000003	-32.2	-0.012879999999999997
1.973	-1462.4	0.2944	-33.4	-0.01336
1.974	-1423.6	0.28784	-69.2	-0.02768
1.975	-1410.0	0.27792000000000006	22.4	0.008960000000000001
1.976	-1406.8	0.27968000000000004	41.2	0.01648
1.977	-1422.4	0.29087999999999997	3.8	0.0015200000000000012
1.978	-1408.0	0.27824	27.8	0.01112
1.979	-1444.8	0.28864	-33.0	-0.0132
1.98	-1453.6	0.28752	27.0	0.0108
1.981	-1428.8	0.27856	7.0	0.0028000000000000004
1.982	-1371.2	0.28240000000000004	-13.6	-0.00544
1.983	-1365.2	0.27536000000000005	-24.4	-0.009760000000000001
1.984	-1394.4	0.27408	-0.4	-0.00015999999999999904
1.985	-1458.8	0.29184	-12.8	-0.005119999999999999
1.986	-1405.2	0.28304	17.8	0.007119999999999999
1.987	-1371.2	0.27312	19.2	0.007679999999999999
1.988	-1419.2	0.28208	66.8	0.02672
1.989	-1367.6	0.27216	28.4	0.01136
1.99	-1422.8	0.29104	-42.6	-0.01704
1.991	-1398.0	0.28128000000000003	60.8	0.02432
1.992	-1444.4	0.28575999999999996	-18.0	-0.007200000000000001
1.993	-1420.4	0.288	-25.2	-0.01008
1.994	-1430.4	0.29104	-24.4	-0.00976
1.995	-1384.4	0.27616000000000007	-16.6	-0.00664
1.996	-1412.4	0.28912	-15.4	-0.0061600000000000005
1.997	-1365.6	0.28352000000000005	18.8	0.0075200000000000015
1.998	-1422.4	0.28400000000000003	43.4	0.017359999999999997
1.999	-1396.8	0.276	-21.0	-0.0084
2.0	-1378.4	0.27136000000000005	-6.0	-0.0024000000000000002
